  2.000000000000000E-003  2.000000000000000E-003 -0.640509886457769     
  2.000000000000000E-003  0.298270416666667      -0.630815595768283     
  2.000000000000000E-003  0.594540833333333      -0.585030131139497     
  2.000000000000000E-003  0.890811250000000      -0.517144522307991     
  2.000000000000000E-003   1.18708166666667      -0.455181354959764     
  2.000000000000000E-003   1.48335208333333      -0.405683048746369     
  2.000000000000000E-003   1.77962250000000      -0.366776879709457     
  2.000000000000000E-003   2.07589291666667      -0.335564947704215     
  2.000000000000000E-003   2.37216333333333      -0.309678950209066     
  2.000000000000000E-003   2.66843375000000      -0.287716876121359     
  2.000000000000000E-003   2.96470416666667      -0.268637643114754     
  2.000000000000000E-003   3.26097458333333      -0.251721819677068     
  2.000000000000000E-003   3.55724500000000      -0.236501435655681     
  2.000000000000000E-003   3.85351541666667      -0.222706899237181     
  2.000000000000000E-003   4.14978583333333      -0.210216286573177     
  2.000000000000000E-003   4.44605625000000      -0.198978257457096     
  2.000000000000000E-003   4.74232666666667      -0.188955344863643     
  2.000000000000000E-003   5.03859708333333      -0.180117207803811     
  2.000000000000000E-003   5.33486750000000      -0.172516385133481     
  2.000000000000000E-003   5.63113791666667      -0.166135661806242     
  2.000000000000000E-003   5.92740833333333      -0.160895039366847     
  2.000000000000000E-003   6.22367875000000      -0.156571525527791     
  2.000000000000000E-003   6.51994916666667      -0.152498256642440     
  2.000000000000000E-003   6.81621958333333      -0.147075760320963     
  2.000000000000000E-003   7.11249000000000      -0.140686413850079     
  0.298270416666667       2.000000000000000E-003 -0.768412379107520     
  0.298270416666667       0.298270416666667      -0.684173078343049     
  0.298270416666667       0.594540833333333      -0.616320461377232     
  0.298270416666667       0.890811250000000      -0.551129344538746     
  0.298270416666667        1.18708166666667      -0.487657825716992     
  0.298270416666667        1.48335208333333      -0.433972410702329     
  0.298270416666667        1.77962250000000      -0.390441065610312     
  0.298270416666667        2.07589291666667      -0.354799107389356     
  0.298270416666667        2.37216333333333      -0.324956362279858     
  0.298270416666667        2.66843375000000      -0.299981229711239     
  0.298270416666667        2.96470416666667      -0.278535031438723     
  0.298270416666667        3.26097458333333      -0.259724380219342     
  0.298270416666667        3.55724500000000      -0.242995654487914     
  0.298270416666667        3.85351541666667      -0.228021823832370     
  0.298270416666667        4.14978583333333      -0.214620510264714     
  0.298270416666667        4.44605625000000      -0.202674470147923     
  0.298270416666667        4.74232666666667      -0.192082044863617     
  0.298270416666667        5.03859708333333      -0.182757139989461     
  0.298270416666667        5.33486750000000      -0.174711757238021     
  0.298270416666667        5.63113791666667      -0.167905369829683     
  0.298270416666667        5.92740833333333      -0.162211483215301     
  0.298270416666667        6.22367875000000      -0.157318447242699     
  0.298270416666667        6.51994916666667      -0.152499577653712     
  0.298270416666667        6.81621958333333      -0.146990095761013     
  0.298270416666667        7.11249000000000      -0.142287427743944     
  0.594540833333333       2.000000000000000E-003 -0.836828740437218     
  0.594540833333333       0.298270416666667      -0.764995260471762     
  0.594540833333333       0.594540833333333      -0.664479627778529     
  0.594540833333333       0.890811250000000      -0.585318807254598     
  0.594540833333333        1.18708166666667      -0.517170319225171     
  0.594540833333333        1.48335208333333      -0.459210948711877     
  0.594540833333333        1.77962250000000      -0.411281080734425     
  0.594540833333333        2.07589291666667      -0.371543913888821     
  0.594540833333333        2.37216333333333      -0.338326279734971     
  0.594540833333333        2.66843375000000      -0.310706001676688     
  0.594540833333333        2.96470416666667      -0.287143282628495     
  0.594540833333333        3.26097458333333      -0.266648377020207     
  0.594540833333333        3.55724500000000      -0.248592466657877     
  0.594540833333333        3.85351541666667      -0.232583344525224     
  0.594540833333333        4.14978583333333      -0.218373466678150     
  0.594540833333333        4.44605625000000      -0.205784753951608     
  0.594540833333333        4.74232666666667      -0.194663049170243     
  0.594540833333333        5.03859708333333      -0.184867719018894     
  0.594540833333333        5.33486750000000      -0.176355580459848     
  0.594540833333333        5.63113791666667      -0.169049423810963     
  0.594540833333333        5.92740833333333      -0.162768738105124     
  0.594540833333333        6.22367875000000      -0.157168817846381     
  0.594540833333333        6.51994916666667      -0.151768743285126     
  0.594540833333333        6.81621958333333      -0.146599554496661     
  0.594540833333333        7.11249000000000      -0.142285745552529     
  0.890811250000000       2.000000000000000E-003 -0.874166957724983     
  0.890811250000000       0.298270416666667      -0.823703495551782     
  0.890811250000000       0.594540833333333      -0.723345161338134     
  0.890811250000000       0.890811250000000      -0.627629553326156     
  0.890811250000000        1.18708166666667      -0.547616891428436     
  0.890811250000000        1.48335208333333      -0.482082873008481     
  0.890811250000000        1.77962250000000      -0.428729311298408     
  0.890811250000000        2.07589291666667      -0.384977057260178     
  0.890811250000000        2.37216333333333      -0.349134480946571     
  0.890811250000000        2.66843375000000      -0.319375957877721     
  0.890811250000000        2.96470416666667      -0.294121155042473     
  0.890811250000000        3.26097458333333      -0.272314013324576     
  0.890811250000000        3.55724500000000      -0.253237171540858     
  0.890811250000000        3.85351541666667      -0.236412385725711     
  0.890811250000000        4.14978583333333      -0.221527080128051     
  0.890811250000000        4.44605625000000      -0.208364327069266     
  0.890811250000000        4.74232666666667      -0.196747177306466     
  0.890811250000000        5.03859708333333      -0.186513714437060     
  0.890811250000000        5.33486750000000      -0.177550497469192     
  0.890811250000000        5.63113791666667      -0.169779957281122     
  0.890811250000000        5.92740833333333      -0.163020507017643     
  0.890811250000000        6.22367875000000      -0.157015754921306     
  0.890811250000000        6.51994916666667      -0.151525960526889     
  0.890811250000000        6.81621958333333      -0.146544400818149     
  0.890811250000000        7.11249000000000      -0.142024803083055     
   1.18708166666667       2.000000000000000E-003 -0.876505172292790     
   1.18708166666667       0.298270416666667      -0.840091489779329     
   1.18708166666667       0.594540833333333      -0.754301189923699     
   1.18708166666667       0.890811250000000      -0.657858382998316     
   1.18708166666667        1.18708166666667      -0.571333453978081     
   1.18708166666667        1.48335208333333      -0.499488571587766     
   1.18708166666667        1.77962250000000      -0.441378256634531     
   1.18708166666667        2.07589291666667      -0.394686000822625     
   1.18708166666667        2.37216333333333      -0.356936920158954     
   1.18708166666667        2.66843375000000      -0.325664762366126     
   1.18708166666667        2.96470416666667      -0.299288344041886     
   1.18708166666667        3.26097458333333      -0.276678185121483     
   1.18708166666667        3.55724500000000      -0.256989295849835     
   1.18708166666667        3.85351541666667      -0.239620561947807     
   1.18708166666667        4.14978583333333      -0.224198590517415     
   1.18708166666667        4.44605625000000      -0.210513044399416     
   1.18708166666667        4.74232666666667      -0.198417076475747     
   1.18708166666667        5.03859708333333      -0.187764321606939     
   1.18708166666667        5.33486750000000      -0.178406816003108     
   1.18708166666667        5.63113791666667      -0.170252679632143     
   1.18708166666667        5.92740833333333      -0.163155217936655     
   1.18708166666667        6.22367875000000      -0.156922481295702     
   1.18708166666667        6.51994916666667      -0.151369706004078     
   1.18708166666667        6.81621958333333      -0.146344576726753     
   1.18708166666667        7.11249000000000      -0.141637679535700     
   1.48335208333333       2.000000000000000E-003 -0.848130013711230     
   1.48335208333333       0.298270416666667      -0.821002296574192     
   1.48335208333333       0.594540833333333      -0.751099219887027     
   1.48335208333333       0.890811250000000      -0.664593545355637     
   1.48335208333333        1.18708166666667      -0.580204671515290     
   1.48335208333333        1.48335208333333      -0.507102441805124     
   1.48335208333333        1.77962250000000      -0.447516652585529     
   1.48335208333333        2.07589291666667      -0.400069469106433     
   1.48335208333333        2.37216333333333      -0.361422406257684     
   1.48335208333333        2.66843375000000      -0.329443564528130     
   1.48335208333333        2.96470416666667      -0.302655404924262     
   1.48335208333333        3.26097458333333      -0.279855905851651     
   1.48335208333333        3.55724500000000      -0.260035755461211     
   1.48335208333333        3.85351541666667      -0.242410730650597     
   1.48335208333333        4.14978583333333      -0.226549886149410     
   1.48335208333333        4.44605625000000      -0.212332000694308     
   1.48335208333333        4.74232666666667      -0.199741539876829     
   1.48335208333333        5.03859708333333      -0.188681063206492     
   1.48335208333333        5.33486750000000      -0.178994423437091     
   1.48335208333333        5.63113791666667      -0.170534466624620     
   1.48335208333333        5.92740833333333      -0.163180206818250     
   1.48335208333333        6.22367875000000      -0.156767541545266     
   1.48335208333333        6.51994916666667      -0.151100401405299     
   1.48335208333333        6.81621958333333      -0.145964770102964     
   1.48335208333333        7.11249000000000      -0.141142138773060     
   1.77962250000000       2.000000000000000E-003 -0.797552108580832     
   1.77962250000000       0.298270416666667      -0.777281062846920     
   1.77962250000000       0.594540833333333      -0.721323737995058     
   1.77962250000000       0.890811250000000      -0.647531349586928     
   1.77962250000000        1.18708166666667      -0.571433800326400     
   1.77962250000000        1.48335208333333      -0.503210341743919     
   1.77962250000000        1.77962250000000      -0.447059823365872     
   1.77962250000000        2.07589291666667      -0.400788733953873     
   1.77962250000000        2.37216333333333      -0.362541951947967     
   1.77962250000000        2.66843375000000      -0.330779921070949     
   1.77962250000000        2.96470416666667      -0.304298225948619     
   1.77962250000000        3.26097458333333      -0.281950438332209     
   1.77962250000000        3.55724500000000      -0.262479882749140     
   1.77962250000000        3.85351541666667      -0.244857766499414     
   1.77962250000000        4.14978583333333      -0.228619793179210     
   1.77962250000000        4.44605625000000      -0.213848751375153     
   1.77962250000000        4.74232666666667      -0.200721930540370     
   1.77962250000000        5.03859708333333      -0.189280996363021     
   1.77962250000000        5.33486750000000      -0.179320426000143     
   1.77962250000000        5.63113791666667      -0.170637895875550     
   1.77962250000000        5.92740833333333      -0.163083536717405     
   1.77962250000000        6.22367875000000      -0.156513635906468     
   1.77962250000000        6.51994916666667      -0.150726592964402     
   1.77962250000000        6.81621958333333      -0.145495917862929     
   1.77962250000000        7.11249000000000      -0.140613859018817     
   2.07589291666667       2.000000000000000E-003 -0.731193252546220     
   2.07589291666667       0.298270416666667      -0.714774041699939     
   2.07589291666667       0.594540833333333      -0.671378791308460     
   2.07589291666667       0.890811250000000      -0.611295599036718     
   2.07589291666667        1.18708166666667      -0.549082701444256     
   2.07589291666667        1.48335208333333      -0.491297059966062     
   2.07589291666667        1.77962250000000      -0.440412230836743     
   2.07589291666667        2.07589291666667      -0.396995607265058     
   2.07589291666667        2.37216333333333      -0.360353247595950     
   2.07589291666667        2.66843375000000      -0.329630230205273     
   2.07589291666667        2.96470416666667      -0.304169503335369     
   2.07589291666667        3.26097458333333      -0.283008422088463     
   2.07589291666667        3.55724500000000      -0.264487126984271     
   2.07589291666667        3.85351541666667      -0.247044305249323     
   2.07589291666667        4.14978583333333      -0.230339515874440     
   2.07589291666667        4.44605625000000      -0.214956704988488     
   2.07589291666667        4.74232666666667      -0.201336637666868     
   2.07589291666667        5.03859708333333      -0.189536839630242     
   2.07589291666667        5.33486750000000      -0.179391403322769     
   2.07589291666667        5.63113791666667      -0.170556029543565     
   2.07589291666667        5.92740833333333      -0.162857919361406     
   2.07589291666667        6.22367875000000      -0.156160466272542     
   2.07589291666667        6.51994916666667      -0.150279140326472     
   2.07589291666667        6.81621958333333      -0.144991960220012     
   2.07589291666667        7.11249000000000      -0.140092761679125     
   2.37216333333333       2.000000000000000E-003 -0.657333060599493     
   2.37216333333333       0.298270416666667      -0.646077359063980     
   2.37216333333333       0.594540833333333      -0.615143627669045     
   2.37216333333333       0.890811250000000      -0.571345955712166     
   2.37216333333333        1.18708166666667      -0.522050900878935     
   2.37216333333333        1.48335208333333      -0.473075585064427     
   2.37216333333333        1.77962250000000      -0.428267934381959     
   2.37216333333333        2.07589291666667      -0.388936799146307     
   2.37216333333333        2.37216333333333      -0.354923526386203     
   2.37216333333333        2.66843375000000      -0.326021488773172     
   2.37216333333333        2.96470416666667      -0.302194979506841     
   2.37216333333333        3.26097458333333      -0.283010490677821     
   2.37216333333333        3.55724500000000      -0.266186388772781     
   2.37216333333333        3.85351541666667      -0.248981985196375     
   2.37216333333333        4.14978583333333      -0.231538747383966     
   2.37216333333333        4.44605625000000      -0.215525058299474     
   2.37216333333333        4.74232666666667      -0.201568400278009     
   2.37216333333333        5.03859708333333      -0.189538192217969     
   2.37216333333333        5.33486750000000      -0.179208269245626     
   2.37216333333333        5.63113791666667      -0.170290543512755     
   2.37216333333333        5.92740833333333      -0.162487938501170     
   2.37216333333333        6.22367875000000      -0.155699674783143     
   2.37216333333333        6.51994916666667      -0.149762135588452     
   2.37216333333333        6.81621958333333      -0.144456769678466     
   2.37216333333333        7.11249000000000      -0.139577272129813     
   2.66843375000000       2.000000000000000E-003 -0.596535157657066     
   2.66843375000000       0.298270416666667      -0.588258458235267     
   2.66843375000000       0.594540833333333      -0.564930506169739     
   2.66843375000000       0.890811250000000      -0.530595277700224     
   2.66843375000000        1.18708166666667      -0.490410608708772     
   2.66843375000000        1.48335208333333      -0.449413312875483     
   2.66843375000000        1.77962250000000      -0.411316775618364     
   2.66843375000000        2.07589291666667      -0.377125279854831     
   2.66843375000000        2.37216333333333      -0.346914920421527     
   2.66843375000000        2.66843375000000      -0.320580895042544     
   2.66843375000000        2.96470416666667      -0.298518855961924     
   2.66843375000000        3.26097458333333      -0.281697342514814     
   2.66843375000000        3.55724500000000      -0.267508161208021     
   2.66843375000000        3.85351541666667      -0.250292288373848     
   2.66843375000000        4.14978583333333      -0.231821550624637     
   2.66843375000000        4.44605625000000      -0.215536816845526     
   2.66843375000000        4.74232666666667      -0.201531313822873     
   2.66843375000000        5.03859708333333      -0.189361540456949     
   2.66843375000000        5.33486750000000      -0.178850061230450     
   2.66843375000000        5.63113791666667      -0.169809376376126     
   2.66843375000000        5.92740833333333      -0.161935209188006     
   2.66843375000000        6.22367875000000      -0.155094430525844     
   2.66843375000000        6.51994916666667      -0.149138937869656     
   2.66843375000000        6.81621958333333      -0.143850739608627     
   2.66843375000000        7.11249000000000      -0.139014276207128     
   2.96470416666667       2.000000000000000E-003 -0.539423895529577     
   2.96470416666667       0.298270416666667      -0.532980011551450     
   2.96470416666667       0.594540833333333      -0.514663385412078     
   2.96470416666667       0.890811250000000      -0.487324858037202     
   2.96470416666667        1.18708166666667      -0.454928774429315     
   2.96470416666667        1.48335208333333      -0.421823193340245     
   2.96470416666667        1.77962250000000      -0.390778069439597     
   2.96470416666667        2.07589291666667      -0.362611553754004     
   2.96470416666667        2.37216333333333      -0.337432765287604     
   2.96470416666667        2.66843375000000      -0.314762410047843     
   2.96470416666667        2.96470416666667      -0.294305430198806     
   2.96470416666667        3.26097458333333      -0.278470794588129     
   2.96470416666667        3.55724500000000      -0.267523203821035     
   2.96470416666667        3.85351541666667      -0.249785988008824     
   2.96470416666667        4.14978583333333      -0.231117709986837     
   2.96470416666667        4.44605625000000      -0.215496963080325     
   2.96470416666667        4.74232666666667      -0.201481562909664     
   2.96470416666667        5.03859708333333      -0.188999542093953     
   2.96470416666667        5.33486750000000      -0.178215440882435     
   2.96470416666667        5.63113791666667      -0.169016704384236     
   2.96470416666667        5.92740833333333      -0.161099292326138     
   2.96470416666667        6.22367875000000      -0.154261778153661     
   2.96470416666667        6.51994916666667      -0.148341847607961     
   2.96470416666667        6.81621958333333      -0.143111752876953     
   2.96470416666667        7.11249000000000      -0.138344814232252     
   3.26097458333333       2.000000000000000E-003 -0.483689889101873     
   3.26097458333333       0.298270416666667      -0.478688401109279     
   3.26097458333333       0.594540833333333      -0.464486757170301     
   3.26097458333333       0.890811250000000      -0.443243757053061     
   3.26097458333333        1.18708166666667      -0.418045161841707     
   3.26097458333333        1.48335208333333      -0.392403477699919     
   3.26097458333333        1.77962250000000      -0.368312147432429     
   3.26097458333333        2.07589291666667      -0.346345617125016     
   3.26097458333333        2.37216333333333      -0.326799481368217     
   3.26097458333333        2.66843375000000      -0.309250802472782     
   3.26097458333333        2.96470416666667      -0.292150600672322     
   3.26097458333333        3.26097458333333      -0.274213702038516     
   3.26097458333333        3.55724500000000      -0.262960701900268     
   3.26097458333333        3.85351541666667      -0.246653772268927     
   3.26097458333333        4.14978583333333      -0.231250295828674     
   3.26097458333333        4.44605625000000      -0.215884726056143     
   3.26097458333333        4.74232666666667      -0.201066895216691     
   3.26097458333333        5.03859708333333      -0.188014113550391     
   3.26097458333333        5.33486750000000      -0.176977363416724     
   3.26097458333333        5.63113791666667      -0.167721821001611     
   3.26097458333333        5.92740833333333      -0.159841138992269     
   3.26097458333333        6.22367875000000      -0.153096483582343     
   3.26097458333333        6.51994916666667      -0.147286519999527     
   3.26097458333333        6.81621958333333      -0.142167943382380     
   3.26097458333333        7.11249000000000      -0.137505483767200     
   3.55724500000000       2.000000000000000E-003 -0.431933295118561     
   3.55724500000000       0.298270416666667      -0.428172382249444     
   3.55724500000000       0.594540833333333      -0.417539299588494     
   3.55724500000000       0.890811250000000      -0.401645207329533     
   3.55724500000000        1.18708166666667      -0.382783022699232     
   3.55724500000000        1.48335208333333      -0.363611947401998     
   3.55724500000000        1.77962250000000      -0.345380548011826     
   3.55724500000000        2.07589291666667      -0.328619340911136     
   3.55724500000000        2.37216333333333      -0.313570735530420     
   3.55724500000000        2.66843375000000      -0.300044523380726     
   3.55724500000000        2.96470416666667      -0.286952954294937     
   3.55724500000000        3.26097458333333      -0.271350373371228     
   3.55724500000000        3.55724500000000      -0.252607489180499     
   3.55724500000000        3.85351541666667      -0.242310508936938     
   3.55724500000000        4.14978583333333      -0.229135568156491     
   3.55724500000000        4.44605625000000      -0.213285819244708     
   3.55724500000000        4.74232666666667      -0.198338045462675     
   3.55724500000000        5.03859708333333      -0.185463412035982     
   3.55724500000000        5.33486750000000      -0.174685696882083     
   3.55724500000000        5.63113791666667      -0.165690600612386     
   3.55724500000000        5.92740833333333      -0.158047790426922     
   3.55724500000000        6.22367875000000      -0.151524943285685     
   3.55724500000000        6.51994916666667      -0.145914052957923     
   3.55724500000000        6.81621958333333      -0.140966894283059     
   3.55724500000000        7.11249000000000      -0.136448533180645     
   3.85351541666667       2.000000000000000E-003 -0.387193536549900     
   3.85351541666667       0.298270416666667      -0.384473774044574     
   3.85351541666667       0.594540833333333      -0.376768976363787     
   3.85351541666667       0.890811250000000      -0.365188896480336     
   3.85351541666667        1.18708166666667      -0.351323400260736     
   3.85351541666667        1.48335208333333      -0.337019821085366     
   3.85351541666667        1.77962250000000      -0.323128867071569     
   3.85351541666667        2.07589291666667      -0.309828546482575     
   3.85351541666667        2.37216333333333      -0.297142951545289     
   3.85351541666667        2.66843375000000      -0.284428005253712     
   3.85351541666667        2.96470416666667      -0.270763782414762     
   3.85351541666667        3.26097458333333      -0.258376816628493     
   3.85351541666667        3.55724500000000      -0.246856463570234     
   3.85351541666667        3.85351541666667      -0.226760530565172     
   3.85351541666667        4.14978583333333      -0.215133390061348     
   3.85351541666667        4.44605625000000      -0.203900328055585     
   3.85351541666667        4.74232666666667      -0.192006359598682     
   3.85351541666667        5.03859708333333      -0.180902753425595     
   3.85351541666667        5.33486750000000      -0.171194543999482     
   3.85351541666667        5.63113791666667      -0.162884379504874     
   3.85351541666667        5.92740833333333      -0.155718938292106     
   3.85351541666667        6.22367875000000      -0.149554862744277     
   3.85351541666667        6.51994916666667      -0.144227315280142     
   3.85351541666667        6.81621958333333      -0.139504665440307     
   3.85351541666667        7.11249000000000      -0.135165692268320     
   4.14978583333333       2.000000000000000E-003 -0.350714373265460     
   4.14978583333333       0.298270416666667      -0.348758760770062     
   4.14978583333333       0.594540833333333      -0.343171128042783     
   4.14978583333333       0.890811250000000      -0.334659435304486     
   4.14978583333333        1.18708166666667      -0.324262261885633     
   4.14978583333333        1.48335208333333      -0.313203926323941     
   4.14978583333333        1.77962250000000      -0.302061926577694     
   4.14978583333333        2.07589291666667      -0.290878091464853     
   4.14978583333333        2.37216333333333      -0.279576457105920     
   4.14978583333333        2.66843375000000      -0.267837053638497     
   4.14978583333333        2.96470416666667      -0.256284974067844     
   4.14978583333333        3.26097458333333      -0.247952325021791     
   4.14978583333333        3.55724500000000      -0.237655924374514     
   4.14978583333333        3.85351541666667      -0.217527374889766     
   4.14978583333333        4.14978583333333      -0.202888130116132     
   4.14978583333333        4.44605625000000      -0.193280737681131     
   4.14978583333333        4.74232666666667      -0.184167759110583     
   4.14978583333333        5.03859708333333      -0.175203670712079     
   4.14978583333333        5.33486750000000      -0.166917675098917     
   4.14978583333333        5.63113791666667      -0.159536344635703     
   4.14978583333333        5.92740833333333      -0.152998553857313     
   4.14978583333333        6.22367875000000      -0.147286263458092     
   4.14978583333333        6.51994916666667      -0.142299024138847     
   4.14978583333333        6.81621958333333      -0.137834967624537     
   4.14978583333333        7.11249000000000      -0.133698294028690     
   4.44605625000000       2.000000000000000E-003 -0.321526984160039     
   4.44605625000000       0.298270416666667      -0.320043554594977     
   4.44605625000000       0.594540833333333      -0.315767146453679     
   4.44605625000000       0.890811250000000      -0.309159427174062     
   4.44605625000000        1.18708166666667      -0.300904193129805     
   4.44605625000000        1.48335208333333      -0.291792609887003     
   4.44605625000000        1.77962250000000      -0.282368603818773     
   4.44605625000000        2.07589291666667      -0.272634227584525     
   4.44605625000000        2.37216333333333      -0.262689829096326     
   4.44605625000000        2.66843375000000      -0.252761173594375     
   4.44605625000000        2.96470416666667      -0.243652929500957     
   4.44605625000000        3.26097458333333      -0.235812004402834     
   4.44605625000000        3.55724500000000      -0.225312125416082     
   4.44605625000000        3.85351541666667      -0.209769117980277     
   4.44605625000000        4.14978583333333      -0.195713639262392     
   4.44605625000000        4.44605625000000      -0.185612199647306     
   4.44605625000000        4.74232666666667      -0.177307939875737     
   4.44605625000000        5.03859708333333      -0.169640890086252     
   4.44605625000000        5.33486750000000      -0.162520386951436     
   4.44605625000000        5.63113791666667      -0.156013523548849     
   4.44605625000000        5.92740833333333      -0.150104158635305     
   4.44605625000000        6.22367875000000      -0.144870116725830     
   4.44605625000000        6.51994916666667      -0.140243673679362     
   4.44605625000000        6.81621958333333      -0.136050838915434     
   4.44605625000000        7.11249000000000      -0.132126614314268     
   4.74232666666667       2.000000000000000E-003 -0.297620936002778     
   4.74232666666667       0.298270416666667      -0.296377208772607     
   4.74232666666667       0.594540833333333      -0.292785295162622     
   4.74232666666667       0.890811250000000      -0.287217816980148     
   4.74232666666667        1.18708166666667      -0.280196581307323     
   4.74232666666667        1.48335208333333      -0.272294161576682     
   4.74232666666667        1.77962250000000      -0.264004942742045     
   4.74232666666667        2.07589291666667      -0.255465763115743     
   4.74232666666667        2.37216333333333      -0.246849859554602     
   4.74232666666667        2.66843375000000      -0.238456268538664     
   4.74232666666667        2.96470416666667      -0.230565197054830     
   4.74232666666667        3.26097458333333      -0.222700255530968     
   4.74232666666667        3.55724500000000      -0.213033233359404     
   4.74232666666667        3.85351541666667      -0.201075637963186     
   4.74232666666667        4.14978583333333      -0.189360097255206     
   4.74232666666667        4.44605625000000      -0.179704759181607     
   4.74232666666667        4.74232666666667      -0.171749799978613     
   4.74232666666667        5.03859708333333      -0.164765978244994     
   4.74232666666667        5.33486750000000      -0.158423200857601     
   4.74232666666667        5.63113791666667      -0.152572824934012     
   4.74232666666667        5.92740833333333      -0.147217165094985     
   4.74232666666667        6.22367875000000      -0.142439509558267     
   4.74232666666667        6.51994916666667      -0.138166417253933     
   4.74232666666667        6.81621958333333      -0.134246324307428     
   4.74232666666667        7.11249000000000      -0.130542196577557     
   5.03859708333333       2.000000000000000E-003 -0.277514197868107     
   5.03859708333333       0.298270416666667      -0.276330682090893     
   5.03859708333333       0.594540833333333      -0.272973241455143     
   5.03859708333333       0.890811250000000      -0.267865267197181     
   5.03859708333333        1.18708166666667      -0.261548868599144     
   5.03859708333333        1.48335208333333      -0.254500797866043     
   5.03859708333333        1.77962250000000      -0.247115729928872     
   5.03859708333333        2.07589291666667      -0.239653562329525     
   5.03859708333333        2.37216333333333      -0.232216677737022     
   5.03859708333333        2.66843375000000      -0.224966670518310     
   5.03859708333333        2.96470416666667      -0.217872534786880     
   5.03859708333333        3.26097458333333      -0.210469462244599     
   5.03859708333333        3.55724500000000      -0.202001524862160     
   5.03859708333333        3.85351541666667      -0.192441513247677     
   5.03859708333333        4.14978583333333      -0.182865872782480     
   5.03859708333333        4.44605625000000      -0.174295602086079     
   5.03859708333333        4.74232666666667      -0.166924603584126     
   5.03859708333333        5.03859708333333      -0.160480852946362     
   5.03859708333333        5.33486750000000      -0.154667244144908     
   5.03859708333333        5.63113791666667      -0.149295172075524     
   5.03859708333333        5.92740833333333      -0.144420861316808     
   5.03859708333333        6.22367875000000      -0.140052358077195     
   5.03859708333333        6.51994916666667      -0.136114074236093     
   5.03859708333333        6.81621958333333      -0.132485142124279     
   5.03859708333333        7.11249000000000      -0.129026283487300     
   5.33486750000000       2.000000000000000E-003 -0.260398431975112     
   5.33486750000000       0.298270416666667      -0.259210082439212     
   5.33486750000000       0.594540833333333      -0.255845435596321     
   5.33486750000000       0.890811250000000      -0.250899939338530     
   5.33486750000000        1.18708166666667      -0.244993222463412     
   5.33486750000000        1.48335208333333      -0.238614489053356     
   5.33486750000000        1.77962250000000      -0.232069254194383     
   5.33486750000000        2.07589291666667      -0.225534873125621     
   5.33486750000000        2.37216333333333      -0.219098298488975     
   5.33486750000000        2.66843375000000      -0.212755484253255     
   5.33486750000000        2.96470416666667      -0.206386672081392     
   5.33486750000000        3.26097458333333      -0.199685154317267     
   5.33486750000000        3.55724500000000      -0.192339999177660     
   5.33486750000000        3.85351541666667      -0.184426070848974     
   5.33486750000000        4.14978583333333      -0.176473420428133     
   5.33486750000000        4.44605625000000      -0.169056571070958     
   5.33486750000000        4.74232666666667      -0.162421602396744     
   5.33486750000000        5.03859708333333      -0.156497399180186     
   5.33486750000000        5.33486750000000      -0.151096460104143     
   5.33486750000000        5.63113791666667      -0.146168572513673     
   5.33486750000000        5.92740833333333      -0.141699736989408     
   5.33486750000000        6.22367875000000      -0.137710312117350     
   5.33486750000000        6.51994916666667      -0.134140315637244     
   5.33486750000000        6.81621958333333      -0.130847240353768     
   5.33486750000000        7.11249000000000      -0.127667047157023     
   5.63113791666667       2.000000000000000E-003 -0.245702772399868     
   5.63113791666667       0.298270416666667      -0.244444228056300     
   5.63113791666667       0.594540833333333      -0.241005767266922     
   5.63113791666667       0.890811250000000      -0.236168929677236     
   5.63113791666667        1.18708166666667      -0.230630907037020     
   5.63113791666667        1.48335208333333      -0.224849697286137     
   5.63113791666667        1.77962250000000      -0.219044267334414     
   5.63113791666667        2.07589291666667      -0.213310093978840     
   5.63113791666667        2.37216333333333      -0.207661272998331     
   5.63113791666667        2.66843375000000      -0.202039933492059     
   5.63113791666667        2.96470416666667      -0.196308556365827     
   5.63113791666667        3.26097458333333      -0.190297696556176     
   5.63113791666667        3.55724500000000      -0.183881912433183     
   5.63113791666667        3.85351541666667      -0.177149661828383     
   5.63113791666667        4.14978583333333      -0.170396971714006     
   5.63113791666667        4.44605625000000      -0.163967488365238     
   5.63113791666667        4.74232666666667      -0.158032980599047     
   5.63113791666667        5.03859708333333      -0.152622895865776     
   5.63113791666667        5.33486750000000      -0.147687344307326     
   5.63113791666667        5.63113791666667      -0.143161914597022     
   5.63113791666667        5.92740833333333      -0.139074446042119     
   5.63113791666667        6.22367875000000      -0.135458702160871     
   5.63113791666667        6.51994916666667      -0.132277214784949     
   5.63113791666667        6.81621958333333      -0.129372329085334     
   5.63113791666667        7.11249000000000      -0.126498800604485     
   5.92740833333333       2.000000000000000E-003 -0.233008053357585     
   5.92740833333333       0.298270416666667      -0.231633403931694     
   5.92740833333333       0.594540833333333      -0.228077355795720     
   5.92740833333333       0.890811250000000      -0.223362520471976     
   5.92740833333333        1.18708166666667      -0.218222421332826     
   5.92740833333333        1.48335208333333      -0.213009688856461     
   5.92740833333333        1.77962250000000      -0.207844246865014     
   5.92740833333333        2.07589291666667      -0.202739705404088     
   5.92740833333333        2.37216333333333      -0.197688635793549     
   5.92740833333333        2.66843375000000      -0.192633404741026     
   5.92740833333333        2.96470416666667      -0.187466397413446     
   5.92740833333333        3.26097458333333      -0.182074726327423     
   5.92740833333333        3.55724500000000      -0.176413179484531     
   5.92740833333333        3.85351541666667      -0.170560220730225     
   5.92740833333333        4.14978583333333      -0.164706210751497     
   5.92740833333333        4.44605625000000      -0.159069153356735     
   5.92740833333333        4.74232666666667      -0.153801540548079     
   5.92740833333333        5.03859708333333      -0.148948649089366     
   5.92740833333333        5.33486750000000      -0.144459853379811     
   5.92740833333333        5.63113791666667      -0.140319682851907     
   5.92740833333333        5.92740833333333      -0.136574938314570     
   5.92740833333333        6.22367875000000      -0.133283778593814     
   5.92740833333333        6.51994916666667      -0.130483438170326     
   5.92740833333333        6.81621958333333      -0.128034839622314     
   5.92740833333333        7.11249000000000      -0.125513228267598     
   6.22367875000000       2.000000000000000E-003 -0.221811958525858     
   6.22367875000000       0.298270416666667      -0.220225522317684     
   6.22367875000000       0.594540833333333      -0.216547135568162     
   6.22367875000000       0.890811250000000      -0.212071071728554     
   6.22367875000000        1.18708166666667      -0.207351286864597     
   6.22367875000000        1.48335208333333      -0.202623399791284     
   6.22367875000000        1.77962250000000      -0.197962110673513     
   6.22367875000000        2.07589291666667      -0.193344448435967     
   6.22367875000000        2.37216333333333      -0.188752946235271     
   6.22367875000000        2.66843375000000      -0.184160738789312     
   6.22367875000000        2.96470416666667      -0.179497317918263     
   6.22367875000000        3.26097458333333      -0.174684799058530     
   6.22367875000000        3.55724500000000      -0.169693623292559     
   6.22367875000000        3.85351541666667      -0.164579071202738     
   6.22367875000000        4.14978583333333      -0.159473346130889     
   6.22367875000000        4.44605625000000      -0.154533328257681     
   6.22367875000000        4.74232666666667      -0.149874137196040     
   6.22367875000000        5.03859708333333      -0.145524984187430     
   6.22367875000000        5.33486750000000      -0.141450563788528     
   6.22367875000000        5.63113791666667      -0.137667890979205     
   6.22367875000000        5.92740833333333      -0.134208366892837     
   6.22367875000000        6.22367875000000      -0.131147426516553     
   6.22367875000000        6.51994916666667      -0.128644474069699     
   6.22367875000000        6.81621958333333      -0.126711708748277     
   6.22367875000000        7.11249000000000      -0.124630352430050     
   6.51994916666667       2.000000000000000E-003 -0.211747625860620     
   6.51994916666667       0.298270416666667      -0.209727908905174     
   6.51994916666667       0.594540833333333      -0.206065755810808     
   6.51994916666667       0.890811250000000      -0.201978794054014     
   6.51994916666667        1.18708166666667      -0.197616212741545     
   6.51994916666667        1.48335208333333      -0.193225880558053     
   6.51994916666667        1.77962250000000      -0.188916857108609     
   6.51994916666667        2.07589291666667      -0.184687178537369     
   6.51994916666667        2.37216333333333      -0.180513177241116     
   6.51994916666667        2.66843375000000      -0.176370542791583     
   6.51994916666667        2.96470416666667      -0.172215885974699     
   6.51994916666667        3.26097458333333      -0.167982449121322     
   6.51994916666667        3.55724500000000      -0.163630216575836     
   6.51994916666667        3.85351541666667      -0.159181810509691     
   6.51994916666667        4.14978583333333      -0.154724478726936     
   6.51994916666667        4.44605625000000      -0.150374326840500     
   6.51994916666667        4.74232666666667      -0.146223469504555     
   6.51994916666667        5.03859708333333      -0.142300055805509     
   6.51994916666667        5.33486750000000      -0.138614370886124     
   6.51994916666667        5.63113791666667      -0.135182411251256     
   6.51994916666667        5.92740833333333      -0.132000199008587     
   6.51994916666667        6.22367875000000      -0.129090218771887     
   6.51994916666667        6.51994916666667      -0.126648590843443     
   6.51994916666667        6.81621958333333      -0.125096218765176     
   6.51994916666667        7.11249000000000      -0.123604604587261     
   6.81621958333333       2.000000000000000E-003 -0.202538136106914     
   6.81621958333333       0.298270416666667      -0.200157755058973     
   6.81621958333333       0.594540833333333      -0.196852702532838     
   6.81621958333333       0.890811250000000      -0.192925012534864     
   6.81621958333333        1.18708166666667      -0.188694390936034     
   6.81621958333333        1.48335208333333      -0.184502824953289     
   6.81621958333333        1.77962250000000      -0.180461968317567     
   6.81621958333333        2.07589291666667      -0.176584527603491     
   6.81621958333333        2.37216333333333      -0.172842591570010     
   6.81621958333333        2.66843375000000      -0.169180214607773     
   6.81621958333333        2.96470416666667      -0.165553149584862     
   6.81621958333333        3.26097458333333      -0.161888345176763     
   6.81621958333333        3.55724500000000      -0.158124583750369     
   6.81621958333333        3.85351541666667      -0.154253150782550     
   6.81621958333333        4.14978583333333      -0.150330611868237     
   6.81621958333333        4.44605625000000      -0.146452582606212     
   6.81621958333333        4.74232666666667      -0.142709131591392     
   6.81621958333333        5.03859708333333      -0.139154404360638     
   6.81621958333333        5.33486750000000      -0.135837531887208     
   6.81621958333333        5.63113791666667      -0.132780179376978     
   6.81621958333333        5.92740833333333      -0.129961098738655     
   6.81621958333333        6.22367875000000      -0.127320768856137     
   6.81621958333333        6.51994916666667      -0.124847319076333     
   6.81621958333333        6.81621958333333      -0.122954591953626     
   6.81621958333333        7.11249000000000      -0.121784463697690     
   7.11249000000000       2.000000000000000E-003 -0.191161344822175     
   7.11249000000000       0.298270416666667      -0.191203750010961     
   7.11249000000000       0.594540833333333      -0.188230713375253     
   7.11249000000000       0.890811250000000      -0.184276050600332     
   7.11249000000000        1.18708166666667      -0.180225819802688     
   7.11249000000000        1.48335208333333      -0.176295958361256     
   7.11249000000000        1.77962250000000      -0.172566218770050     
   7.11249000000000        2.07589291666667      -0.169063971769289     
   7.11249000000000        2.37216333333333      -0.165777227128746     
   7.11249000000000        2.66843375000000      -0.162598746641647     
   7.11249000000000        2.96470416666667      -0.159469518265875     
   7.11249000000000        3.26097458333333      -0.156305288895779     
   7.11249000000000        3.55724500000000      -0.153028973720980     
   7.11249000000000        3.85351541666667      -0.149614534481655     
   7.11249000000000        4.14978583333333      -0.146106236094896     
   7.11249000000000        4.44605625000000      -0.142597070637270     
   7.11249000000000        4.74232666666667      -0.139188294539623     
   7.11249000000000        5.03859708333333      -0.135963562585654     
   7.11249000000000        5.33486750000000      -0.132997997581519     
   7.11249000000000        5.63113791666667      -0.130319881984235     
   7.11249000000000        5.92740833333333      -0.127922634716972     
   7.11249000000000        6.22367875000000      -0.125765769512055     
   7.11249000000000        6.51994916666667      -0.123764585200714     
   7.11249000000000        6.81621958333333      -0.121662093301706     
   7.11249000000000        7.11249000000000      -0.119051604490760     
