  2.000000000000000E-003  2.000000000000000E-003  -2.09085580454722     
  2.000000000000000E-003  0.298270416666667       -1.94701850768058     
  2.000000000000000E-003  0.594540833333333       -1.68584054935003     
  2.000000000000000E-003  0.890811250000000       -1.32149205788044     
  2.000000000000000E-003   1.18708166666667       -1.01387221802957     
  2.000000000000000E-003   1.48335208333333      -0.794208388826654     
  2.000000000000000E-003   1.77962250000000      -0.640509538199944     
  2.000000000000000E-003   2.07589291666667      -0.530898592268912     
  2.000000000000000E-003   2.37216333333333      -0.451088885926644     
  2.000000000000000E-003   2.66843375000000      -0.391785474547468     
  2.000000000000000E-003   2.96470416666667      -0.347122933641686     
  2.000000000000000E-003   3.26097458333333      -0.312777394715421     
  2.000000000000000E-003   3.55724500000000      -0.285480576913535     
  2.000000000000000E-003   3.85351541666667      -0.262971504137660     
  2.000000000000000E-003   4.14978583333333      -0.243887923867446     
  2.000000000000000E-003   4.44605625000000      -0.227515704934335     
  2.000000000000000E-003   4.74232666666667      -0.213473157221281     
  2.000000000000000E-003   5.03859708333333      -0.201463198540249     
  2.000000000000000E-003   5.33486750000000      -0.191161648600626     
  2.000000000000000E-003   5.63113791666667      -0.182319041859553     
  2.000000000000000E-003   5.92740833333333      -0.174716605414158     
  2.000000000000000E-003   6.22367875000000      -0.168126453965377     
  2.000000000000000E-003   6.51994916666667      -0.162181354419592     
  2.000000000000000E-003   6.81621958333333      -0.156019401489808     
  2.000000000000000E-003   7.11249000000000      -0.149165214543514     
  0.298270416666667       2.000000000000000E-003  -1.94701831246628     
  0.298270416666667       0.298270416666667       -1.85087503628082     
  0.298270416666667       0.594540833333333       -1.59237327009389     
  0.298270416666667       0.890811250000000       -1.26093738712899     
  0.298270416666667        1.18708166666667      -0.980341773365981     
  0.298270416666667        1.48335208333333      -0.775463025845174     
  0.298270416666667        1.77962250000000      -0.629451927895855     
  0.298270416666667        2.07589291666667      -0.523998413222440     
  0.298270416666667        2.37216333333333      -0.446527858256570     
  0.298270416666667        2.66843375000000      -0.388648844800067     
  0.298270416666667        2.96470416666667      -0.344893503077723     
  0.298270416666667        3.26097458333333      -0.311136890675218     
  0.298270416666667        3.55724500000000      -0.284230794954670     
  0.298270416666667        3.85351541666667      -0.261989634194734     
  0.298270416666667        4.14978583333333      -0.243098407419604     
  0.298270416666667        4.44605625000000      -0.226868882440079     
  0.298270416666667        4.74232666666667      -0.212931389131285     
  0.298270416666667        5.03859708333333      -0.200995766402719     
  0.298270416666667        5.33486750000000      -0.190744089208257     
  0.298270416666667        5.63113791666667      -0.181926049343787     
  0.298270416666667        5.92740833333333      -0.174327135085759     
  0.298270416666667        6.22367875000000      -0.167721400240971     
  0.298270416666667        6.51994916666667      -0.161719661874745     
  0.298270416666667        6.81621958333333      -0.155280371569420     
  0.298270416666667        7.11249000000000      -0.148083030177789     
  0.594540833333333       2.000000000000000E-003  -1.68584041290302     
  0.594540833333333       0.298270416666667       -1.59237314723572     
  0.594540833333333       0.594540833333333       -1.36933064016244     
  0.594540833333333       0.890811250000000       -1.11512522986725     
  0.594540833333333        1.18708166666667      -0.895227201379551     
  0.594540833333333        1.48335208333333      -0.725779806749658     
  0.594540833333333        1.77962250000000      -0.599246717917636     
  0.594540833333333        2.07589291666667      -0.504720209999191     
  0.594540833333333        2.37216333333333      -0.433650857154065     
  0.594540833333333        2.66843375000000      -0.379738750515479     
  0.594540833333333        2.96470416666667      -0.338536152059077     
  0.594540833333333        3.26097458333333      -0.306445713419444     
  0.594540833333333        3.55724500000000      -0.280649478715543     
  0.594540833333333        3.85351541666667      -0.259173631737333     
  0.594540833333333        4.14978583333333      -0.240833217019864     
  0.594540833333333        4.44605625000000      -0.225011088058635     
  0.594540833333333        4.74232666666667      -0.211371892677487     
  0.594540833333333        5.03859708333333      -0.199643268023754     
  0.594540833333333        5.33486750000000      -0.189526539255363     
  0.594540833333333        5.63113791666667      -0.180765583480303     
  0.594540833333333        5.92740833333333      -0.173136144290710     
  0.594540833333333        6.22367875000000      -0.166354684074507     
  0.594540833333333        6.51994916666667      -0.159877879726108     
  0.594540833333333        6.81621958333333      -0.152798679714527     
  0.594540833333333        7.11249000000000      -0.145894120265037     
  0.890811250000000       2.000000000000000E-003  -1.32149220461746     
  0.890811250000000       0.298270416666667       -1.26093747584675     
  0.890811250000000       0.594540833333333       -1.11512531267535     
  0.890811250000000       0.890811250000000      -0.944593679766497     
  0.890811250000000        1.18708166666667      -0.788225418217320     
  0.890811250000000        1.48335208333333      -0.659022188157914     
  0.890811250000000        1.77962250000000      -0.556576803138821     
  0.890811250000000        2.07589291666667      -0.476584643721371     
  0.890811250000000        2.37216333333333      -0.414450497508666     
  0.890811250000000        2.66843375000000      -0.366318466928147     
  0.890811250000000        2.96470416666667      -0.328903090821017     
  0.890811250000000        3.26097458333333      -0.299309919051922     
  0.890811250000000        3.55724500000000      -0.275188203033611     
  0.890811250000000        3.85351541666667      -0.254872994224193     
  0.890811250000000        4.14978583333333      -0.237369038901363     
  0.890811250000000        4.44605625000000      -0.222163116484966     
  0.890811250000000        4.74232666666667      -0.208972277510596     
  0.890811250000000        5.03859708333333      -0.197553630957536     
  0.890811250000000        5.33486750000000      -0.187636127631767     
  0.890811250000000        5.63113791666667      -0.178961186857605     
  0.890811250000000        5.92740833333333      -0.171289553123887     
  0.890811250000000        6.22367875000000      -0.164313819945205     
  0.890811250000000        6.51994916666667      -0.157579290146640     
  0.890811250000000        6.81621958333333      -0.150747617991590     
  0.890811250000000        7.11249000000000      -0.144520724377831     
   1.18708166666667       2.000000000000000E-003  -1.01387259229852     
   1.18708166666667       0.298270416666667      -0.980342096344251     
   1.18708166666667       0.594540833333333      -0.895227451098217     
   1.18708166666667       0.890811250000000      -0.788225553858552     
   1.18708166666667        1.18708166666667      -0.682183502928698     
   1.18708166666667        1.48335208333333      -0.587929533048626     
   1.18708166666667        1.77962250000000      -0.508541210906434     
   1.18708166666667        2.07589291666667      -0.443613972876785     
   1.18708166666667        2.37216333333333      -0.391428395462343     
   1.18708166666667        2.66843375000000      -0.349975314473458     
   1.18708166666667        2.96470416666667      -0.317036752123323     
   1.18708166666667        3.26097458333333      -0.290449745901278     
   1.18708166666667        3.55724500000000      -0.268377351196609     
   1.18708166666667        3.85351541666667      -0.249499998466685     
   1.18708166666667        4.14978583333333      -0.233036712836019     
   1.18708166666667        4.44605625000000      -0.218594538903177     
   1.18708166666667        4.74232666666667      -0.205954613480447     
   1.18708166666667        5.03859708333333      -0.194915773864169     
   1.18708166666667        5.33486750000000      -0.185243143607656     
   1.18708166666667        5.63113791666667      -0.176700221661279     
   1.18708166666667        5.92740833333333      -0.169061582107255     
   1.18708166666667        6.22367875000000      -0.162070502266289     
   1.18708166666667        6.51994916666667      -0.155449414780022     
   1.18708166666667        6.81621958333333      -0.149103878363504     
   1.18708166666667        7.11249000000000      -0.143365102478614     
   1.48335208333333       2.000000000000000E-003 -0.794208828032317     
   1.48335208333333       0.298270416666667      -0.775463443163783     
   1.48335208333333       0.594540833333333      -0.725780152385028     
   1.48335208333333       0.890811250000000      -0.659022426439720     
   1.48335208333333        1.18708166666667      -0.587929648294542     
   1.48335208333333        1.48335208333333      -0.520514014913306     
   1.48335208333333        1.77962250000000      -0.460570467135625     
   1.48335208333333        2.07589291666667      -0.409376512297439     
   1.48335208333333        2.37216333333333      -0.366854162231670     
   1.48335208333333        2.66843375000000      -0.332102553130119     
   1.48335208333333        2.96470416666667      -0.303781923011033     
   1.48335208333333        3.26097458333333      -0.280450123127902     
   1.48335208333333        3.55724500000000      -0.260651150644127     
   1.48335208333333        3.85351541666667      -0.243399996653779     
   1.48335208333333        4.14978583333333      -0.228112252568072     
   1.48335208333333        4.44605625000000      -0.214538894817866     
   1.48335208333333        4.74232666666667      -0.202519913536211     
   1.48335208333333        5.03859708333333      -0.191905796034005     
   1.48335208333333        5.33486750000000      -0.182515804847165     
   1.48335208333333        5.63113791666667      -0.174158272371670     
   1.48335208333333        5.92740833333333      -0.166648829186939     
   1.48335208333333        6.22367875000000      -0.159802100812141     
   1.48335208333333        6.51994916666667      -0.153444339025749     
   1.48335208333333        6.81621958333333      -0.147510280352855     
   1.48335208333333        7.11249000000000      -0.142101455415124     
   1.77962250000000       2.000000000000000E-003 -0.640509886457771     
   1.77962250000000       0.298270416666667      -0.629452290432435     
   1.77962250000000       0.594540833333333      -0.599247053697866     
   1.77962250000000       0.890811250000000      -0.556577079933581     
   1.77962250000000        1.18708166666667      -0.508541407058148     
   1.77962250000000        1.48335208333333      -0.460570571410523     
   1.77962250000000        1.77962250000000      -0.415940609634433     
   1.77962250000000        2.07589291666667      -0.376345243949467     
   1.77962250000000        2.37216333333333      -0.342298246545033     
   1.77962250000000        2.66843375000000      -0.313834036783111     
   1.77962250000000        2.96470416666667      -0.290138489675880     
   1.77962250000000        3.26097458333333      -0.270067020248816     
   1.77962250000000        3.55724500000000      -0.252594880229185     
   1.77962250000000        3.85351541666667      -0.236991415379283     
   1.77962250000000        4.14978583333333      -0.222911175685986     
   1.77962250000000        4.44605625000000      -0.210207469972344     
   1.77962250000000        4.74232666666667      -0.198819654320289     
   1.77962250000000        5.03859708333333      -0.188657766863741     
   1.77962250000000        5.33486750000000      -0.179576522845685     
   1.77962250000000        5.63113791666667      -0.171448169924579     
   1.77962250000000        5.92740833333333      -0.164142721666955     
   1.77962250000000        6.22367875000000      -0.157525813145453     
   1.77962250000000        6.51994916666667      -0.151461564036895     
   1.77962250000000        6.81621958333333      -0.145863093228597     
   1.77962250000000        7.11249000000000      -0.140718409326044     
   2.07589291666667       2.000000000000000E-003 -0.530898801791641     
   2.07589291666667       0.298270416666667      -0.523998668919292     
   2.07589291666667       0.594540833333333      -0.504720500248850     
   2.07589291666667       0.890811250000000      -0.476584946300512     
   2.07589291666667        1.18708166666667      -0.443614251222845     
   2.07589291666667        1.48335208333333      -0.409376726019103     
   2.07589291666667        1.77962250000000      -0.376345359630809     
   2.07589291666667        2.07589291666667      -0.345946273577420     
   2.07589291666667        2.37216333333333      -0.319291921120472     
   2.07589291666667        2.66843375000000      -0.296526815840668     
   2.07589291666667        2.96470416666667      -0.277070188064224     
   2.07589291666667        3.26097458333333      -0.260022450939274     
   2.07589291666667        3.55724500000000      -0.244664224575924     
   2.07589291666667        3.85351541666667      -0.230604724810964     
   2.07589291666667        4.14978583333333      -0.217675864096041     
   2.07589291666667        4.44605625000000      -0.205807644065169     
   2.07589291666667        4.74232666666667      -0.195005044895109     
   2.07589291666667        5.03859708333333      -0.185261857885876     
   2.07589291666667        5.33486750000000      -0.176502763443353     
   2.07589291666667        5.63113791666667      -0.168636037523435     
   2.07589291666667        5.92740833333333      -0.161580325707272     
   2.07589291666667        6.22367875000000      -0.155232645329811     
   2.07589291666667        6.51994916666667      -0.149465539731421     
   2.07589291666667        6.81621958333333      -0.144167024666917     
   2.07589291666667        7.11249000000000      -0.139261018706573     
   2.37216333333333       2.000000000000000E-003 -0.451089074566860     
   2.37216333333333       0.298270416666667      -0.446528103231476     
   2.37216333333333       0.594540833333333      -0.433651176078569     
   2.37216333333333       0.890811250000000      -0.414450871294196     
   2.37216333333333        1.18708166666667      -0.391428775118035     
   2.37216333333333        1.48335208333333      -0.366854489765458     
   2.37216333333333        1.77962250000000      -0.342298478035933     
   2.37216333333333        2.07589291666667      -0.319292031232548     
   2.37216333333333        2.37216333333333      -0.298799057712125     
   2.37216333333333        2.66843375000000      -0.280945956852415     
   2.37216333333333        2.96470416666667      -0.265233611708278     
   2.37216333333333        3.26097458333333      -0.250789367547691     
   2.37216333333333        3.55724500000000      -0.237132204400054     
   2.37216333333333        3.85351541666667      -0.224383992623260     
   2.37216333333333        4.14978583333333      -0.212520894813176     
   2.37216333333333        4.44605625000000      -0.201402305876760     
   2.37216333333333        4.74232666666667      -0.191108805176146     
   2.37216333333333        5.03859708333333      -0.181748179175437     
   2.37216333333333        5.33486750000000      -0.173317522423967     
   2.37216333333333        5.63113791666667      -0.165748689877912     
   2.37216333333333        5.92740833333333      -0.158975588865158     
   2.37216333333333        6.22367875000000      -0.152915661763645     
   2.37216333333333        6.51994916666667      -0.147445945778889     
   2.37216333333333        6.81621958333333      -0.142429920540574     
   2.37216333333333        7.11249000000000      -0.137763581609126     
   2.66843375000000       2.000000000000000E-003 -0.391785706954196     
   2.66843375000000       0.298270416666667      -0.388649140814415     
   2.66843375000000       0.594540833333333      -0.379739137258789     
   2.66843375000000       0.890811250000000      -0.366318925571030     
   2.66843375000000        1.18708166666667      -0.349975788551125     
   2.66843375000000        1.48335208333333      -0.332102978020645     
   2.66843375000000        1.77962250000000      -0.313834357656093     
   2.66843375000000        2.07589291666667      -0.296527013038350     
   2.66843375000000        2.37216333333333      -0.280946049358558     
   2.66843375000000        2.66843375000000      -0.267289469725146     
   2.66843375000000        2.96470416666667      -0.254990903935010     
   2.66843375000000        3.26097458333333      -0.242701676036424     
   2.66843375000000        3.55724500000000      -0.230062893448241     
   2.66843375000000        3.85351541666667      -0.218367138029961     
   2.66843375000000        4.14978583333333      -0.207506321987354     
   2.66843375000000        4.44605625000000      -0.196967711165171     
   2.66843375000000        4.74232666666667      -0.187062500605091     
   2.66843375000000        5.03859708333333      -0.178061682777221     
   2.66843375000000        5.33486750000000      -0.169988323301702     
   2.66843375000000        5.63113791666667      -0.162770884709128     
   2.66843375000000        5.92740833333333      -0.156325460355036     
   2.66843375000000        6.22367875000000      -0.150571032897572     
   2.66843375000000        6.51994916666667      -0.145389926382419     
   2.66843375000000        6.81621958333333      -0.140637796488776     
   2.66843375000000        7.11249000000000      -0.136197893349919     
   2.96470416666667       2.000000000000000E-003 -0.347123192271762     
   2.96470416666667       0.298270416666667      -0.344893831391172     
   2.96470416666667       0.594540833333333      -0.338536578225757     
   2.96470416666667       0.890811250000000      -0.328903594433962     
   2.96470416666667        1.18708166666667      -0.317037274101365     
   2.96470416666667        1.48335208333333      -0.303782400738469     
   2.96470416666667        1.77962250000000      -0.290138858050184     
   2.96470416666667        2.07589291666667      -0.277070447311983     
   2.96470416666667        2.37216333333333      -0.265233790085016     
   2.96470416666667        2.66843375000000      -0.254991013309275     
   2.96470416666667        2.96470416666667      -0.245901147633818     
   2.96470416666667        3.26097458333333      -0.235753245261651     
   2.96470416666667        3.55724500000000      -0.223427393922884     
   2.96470416666667        3.85351541666667      -0.212701173554333     
   2.96470416666667        4.14978583333333      -0.202588245691617     
   2.96470416666667        4.44605625000000      -0.192294377309371     
   2.96470416666667        4.74232666666667      -0.182710796490337     
   2.96470416666667        5.03859708333333      -0.174128912057718     
   2.96470416666667        5.33486750000000      -0.166479409576931     
   2.96470416666667        5.63113791666667      -0.159666360923361     
   2.96470416666667        5.92740833333333      -0.153601902347818     
   2.96470416666667        6.22367875000000      -0.148174034673696     
   2.96470416666667        6.51994916666667      -0.143282726287706     
   2.96470416666667        6.81621958333333      -0.138787118405590     
   2.96470416666667        7.11249000000000      -0.134569900501472     
   3.26097458333333       2.000000000000000E-003 -0.312777609239347     
   3.26097458333333       0.298270416666667      -0.311137178322385     
   3.26097458333333       0.594540833333333      -0.306446102119488     
   3.26097458333333       0.890811250000000      -0.299310389546585     
   3.26097458333333        1.18708166666667      -0.290450242019964     
   3.26097458333333        1.48335208333333      -0.280450583591298     
   3.26097458333333        1.77962250000000      -0.270067388756004     
   3.26097458333333        2.07589291666667      -0.260022745562675     
   3.26097458333333        2.37216333333333      -0.250789625867873     
   3.26097458333333        2.66843375000000      -0.242701919254804     
   3.26097458333333        2.96470416666667      -0.235753448626261     
   3.26097458333333        3.26097458333333      -0.228023883081142     
   3.26097458333333        3.55724500000000      -0.216692267001981     
   3.26097458333333        3.85351541666667      -0.207212809434033     
   3.26097458333333        4.14978583333333      -0.196918391712245     
   3.26097458333333        4.44605625000000      -0.186853378875751     
   3.26097458333333        4.74232666666667      -0.177909508065460     
   3.26097458333333        5.03859708333333      -0.169953920916430     
   3.26097458333333        5.33486750000000      -0.162819930672763     
   3.26097458333333        5.63113791666667      -0.156446371285915     
   3.26097458333333        5.92740833333333      -0.150779623884217     
   3.26097458333333        6.22367875000000      -0.145686877484341     
   3.26097458333333        6.51994916666667      -0.141083512716632     
   3.26097458333333        6.81621958333333      -0.136840178144492     
   3.26097458333333        7.11249000000000      -0.132846041425663     
   3.55724500000000       2.000000000000000E-003 -0.285480670475452     
   3.55724500000000       0.298270416666667      -0.284230962307431     
   3.55724500000000       0.594540833333333      -0.280649749558220     
   3.55724500000000       0.890811250000000      -0.275188563216300     
   3.55724500000000        1.18708166666667      -0.268377751534976     
   3.55724500000000        1.48335208333333      -0.260651535278264     
   3.55724500000000        1.77962250000000      -0.252595203252059     
   3.55724500000000        2.07589291666667      -0.244664518384253     
   3.55724500000000        2.37216333333333      -0.237132508087037     
   3.55724500000000        2.66843375000000      -0.230063218225814     
   3.55724500000000        2.96470416666667      -0.223427714796944     
   3.55724500000000        3.26097458333333      -0.216692463861656     
   3.55724500000000        3.55724500000000      -0.208010592398688     
   3.55724500000000        3.85351541666667      -0.199509784573705     
   3.55724500000000        4.14978583333333      -0.189311743513903     
   3.55724500000000        4.44605625000000      -0.180604635207732     
   3.55724500000000        4.74232666666667      -0.172858156840656     
   3.55724500000000        5.03859708333333      -0.165702166974300     
   3.55724500000000        5.33486750000000      -0.159115525352692     
   3.55724500000000        5.63113791666667      -0.153156741871477     
   3.55724500000000        5.92740833333333      -0.147860879117948     
   3.55724500000000        6.22367875000000      -0.143087444045399     
   3.55724500000000        6.51994916666667      -0.138760454647303     
   3.55724500000000        6.81621958333333      -0.134762201062418     
   3.55724500000000        7.11249000000000      -0.130991522808515     
   3.85351541666667       2.000000000000000E-003 -0.262971441210294     
   3.85351541666667       0.298270416666667      -0.261989643327710     
   3.85351541666667       0.594540833333333      -0.259173746275665     
   3.85351541666667       0.890811250000000      -0.254873207319078     
   3.85351541666667        1.18708166666667      -0.249500269084924     
   3.85351541666667        1.48335208333333      -0.243400273639878     
   3.85351541666667        1.77962250000000      -0.236991661516405     
   3.85351541666667        2.07589291666667      -0.230604974650395     
   3.85351541666667        2.37216333333333      -0.224384277847976     
   3.85351541666667        2.66843375000000      -0.218367434725917     
   3.85351541666667        2.96470416666667      -0.212701384853002     
   3.85351541666667        3.26097458333333      -0.207212821512313     
   3.85351541666667        3.55724500000000      -0.199509600081789     
   3.85351541666667        3.85351541666667      -0.190742487782469     
   3.85351541666667        4.14978583333333      -0.181843102619601     
   3.85351541666667        4.44605625000000      -0.174695949400703     
   3.85351541666667        4.74232666666667      -0.168036066307402     
   3.85351541666667        5.03859708333333      -0.161572872917238     
   3.85351541666667        5.33486750000000      -0.155453220056793     
   3.85351541666667        5.63113791666667      -0.149855622951707     
   3.85351541666667        5.92740833333333      -0.144870770228805     
   3.85351541666667        6.22367875000000      -0.140385725332441     
   3.85351541666667        6.51994916666667      -0.136317273721684     
   3.85351541666667        6.81621958333333      -0.132554362806321     
   3.85351541666667        7.11249000000000      -0.129005916601047     
   4.14978583333333       2.000000000000000E-003 -0.243887734192846     
   4.14978583333333       0.298270416666667      -0.243098285267407     
   4.14978583333333       0.594540833333333      -0.240833198630775     
   4.14978583333333       0.890811250000000      -0.237369124632575     
   4.14978583333333        1.18708166666667      -0.233036869346321     
   4.14978583333333        1.48335208333333      -0.228112431585282     
   4.14978583333333        1.77962250000000      -0.222911337945661     
   4.14978583333333        2.07589291666667      -0.217676036748598     
   4.14978583333333        2.37216333333333      -0.212521101577928     
   4.14978583333333        2.66843375000000      -0.207506525611657     
   4.14978583333333        2.96470416666667      -0.202588335219574     
   4.14978583333333        3.26097458333333      -0.196918246068505     
   4.14978583333333        3.55724500000000      -0.189311393150994     
   4.14978583333333        3.85351541666667      -0.181842852029854     
   4.14978583333333        4.14978583333333      -0.175422271661785     
   4.14978583333333        4.44605625000000      -0.169471667979912     
   4.14978583333333        4.74232666666667      -0.163517027627755     
   4.14978583333333        5.03859708333333      -0.157561400524232     
   4.14978583333333        5.33486750000000      -0.151828272950541     
   4.14978583333333        5.63113791666667      -0.146543595493278     
   4.14978583333333        5.92740833333333      -0.141837713929243     
   4.14978583333333        6.22367875000000      -0.137620723119759     
   4.14978583333333        6.51994916666667      -0.133796759886037     
   4.14978583333333        6.81621958333333      -0.130260960497546     
   4.14978583333333        7.11249000000000      -0.126932545436691     
   4.44605625000000       2.000000000000000E-003 -0.227515466455811     
   4.44605625000000       0.298270416666667      -0.226868704533068     
   4.44605625000000       0.594540833333333      -0.225011006197261     
   4.44605625000000       0.890811250000000      -0.222163135892422     
   4.44605625000000        1.18708166666667      -0.218594632940839     
   4.44605625000000        1.48335208333333      -0.214539015417620     
   4.44605625000000        1.77962250000000      -0.210207570398213     
   4.44605625000000        2.07589291666667      -0.205807735395875     
   4.44605625000000        2.37216333333333      -0.201402408438812     
   4.44605625000000        2.66843375000000      -0.196967799624838     
   4.44605625000000        2.96470416666667      -0.192294376689663     
   4.44605625000000        3.26097458333333      -0.186853213599886     
   4.44605625000000        3.55724500000000      -0.180604332351772     
   4.44605625000000        3.85351541666667      -0.174695673681523     
   4.44605625000000        4.14978583333333      -0.169471542181796     
   4.44605625000000        4.44605625000000      -0.164322306214281     
   4.44605625000000        4.74232666666667      -0.158955201970428     
   4.44605625000000        5.03859708333333      -0.153482138642751     
   4.44605625000000        5.33486750000000      -0.148143558802989     
   4.44605625000000        5.63113791666667      -0.143196346276385     
   4.44605625000000        5.92740833333333      -0.138789178448766     
   4.44605625000000        6.22367875000000      -0.134843943213685     
   4.44605625000000        6.51994916666667      -0.131261403266226     
   4.44605625000000        6.81621958333333      -0.127950620350818     
   4.44605625000000        7.11249000000000      -0.124841354169654     
   4.74232666666667       2.000000000000000E-003 -0.213472953188444     
   4.74232666666667       0.298270416666667      -0.212931237855347     
   4.74232666666667       0.594540833333333      -0.211371823398570     
   4.74232666666667       0.890811250000000      -0.208972296688660     
   4.74232666666667        1.18708166666667      -0.205954700467946     
   4.74232666666667        1.48335208333333      -0.202520024593787     
   4.74232666666667        1.77962250000000      -0.198819733283327     
   4.74232666666667        2.07589291666667      -0.195005080815156     
   4.74232666666667        2.37216333333333      -0.191108819888311     
   4.74232666666667        2.66843375000000      -0.187062490841248     
   4.74232666666667        2.96470416666667      -0.182710728897407     
   4.74232666666667        3.26097458333333      -0.177909351163575     
   4.74232666666667        3.55724500000000      -0.172857930812565     
   4.74232666666667        3.85351541666667      -0.168035851086804     
   4.74232666666667        4.14978583333333      -0.163516895662819     
   4.74232666666667        4.44605625000000      -0.158955158432175     
   4.74232666666667        4.74232666666667      -0.154158234548103     
   4.74232666666667        5.03859708333333      -0.149211244604779     
   4.74232666666667        5.33486750000000      -0.144334021766757     
   4.74232666666667        5.63113791666667      -0.139809139391057     
   4.74232666666667        5.92740833333333      -0.135756253391651     
   4.74232666666667        6.22367875000000      -0.132098697649381     
   4.74232666666667        6.51994916666667      -0.128764276633027     
   4.74232666666667        6.81621958333333      -0.125684934485664     
   4.74232666666667        7.11249000000000      -0.122799018493118     
   5.03859708333333       2.000000000000000E-003 -0.201463077405256     
   5.03859708333333       0.298270416666667      -0.200995692040930     
   5.03859708333333       0.594540833333333      -0.199643257394935     
   5.03859708333333       0.890811250000000      -0.197553686530577     
   5.03859708333333        1.18708166666667      -0.194915882617924     
   5.03859708333333        1.48335208333333      -0.191905923275008     
   5.03859708333333        1.77962250000000      -0.188657862975081     
   5.03859708333333        2.07589291666667      -0.185261880539493     
   5.03859708333333        2.37216333333333      -0.181748147419280     
   5.03859708333333        2.66843375000000      -0.178061619154820     
   5.03859708333333        2.96470416666667      -0.174128819315997     
   5.03859708333333        3.26097458333333      -0.169953796204748     
   5.03859708333333        3.55724500000000      -0.165702025394100     
   5.03859708333333        3.85351541666667      -0.161572750428759     
   5.03859708333333        4.14978583333333      -0.157561328624644     
   5.03859708333333        4.44605625000000      -0.153482117623504     
   5.03859708333333        4.74232666666667      -0.149211247956777     
   5.03859708333333        5.03859708333333      -0.144802893467610     
   5.03859708333333        5.33486750000000      -0.140460056969497     
   5.03859708333333        5.63113791666667      -0.136441814469573     
   5.03859708333333        5.92740833333333      -0.132763816947513     
   5.03859708333333        6.22367875000000      -0.129400121026649     
   5.03859708333333        6.51994916666667      -0.126322955101635     
   5.03859708333333        6.81621958333333      -0.123497488805424     
   5.03859708333333        7.11249000000000      -0.120850056100140     
   5.33486750000000       2.000000000000000E-003 -0.191161580772093     
   5.33486750000000       0.298270416666667      -0.190744068235776     
   5.33486750000000       0.594540833333333      -0.189526572395706     
   5.33486750000000       0.890811250000000      -0.187636210068685     
   5.33486750000000        1.18708166666667      -0.185243264349723     
   5.33486750000000        1.48335208333333      -0.182515942621407     
   5.33486750000000        1.77962250000000      -0.179576638112335     
   5.33486750000000        2.07589291666667      -0.176502816131214     
   5.33486750000000        2.37216333333333      -0.173317495132839     
   5.33486750000000        2.66843375000000      -0.169988252545874     
   5.33486750000000        2.96470416666667      -0.166479328326926     
   5.33486750000000        3.26097458333333      -0.162819856507438     
   5.33486750000000        3.55724500000000      -0.159115469543712     
   5.33486750000000        3.85351541666667      -0.155453192201372     
   5.33486750000000        4.14978583333333      -0.151828275474729     
   5.33486750000000        4.44605625000000      -0.148143581459172     
   5.33486750000000        4.74232666666667      -0.144334046715617     
   5.33486750000000        5.03859708333333      -0.140460071628504     
   5.33486750000000        5.33486750000000      -0.136705849807717     
   5.33486750000000        5.63113791666667      -0.133148763533681     
   5.33486750000000        5.92740833333333      -0.129816893157991     
   5.33486750000000        6.22367875000000      -0.126769102890258     
   5.33486750000000        6.51994916666667      -0.123999492316194     
   5.33486750000000        6.81621958333333      -0.121454863789328     
   5.33486750000000        7.11249000000000      -0.119051690081761     
   5.63113791666667       2.000000000000000E-003 -0.182318963902055     
   5.63113791666667       0.298270416666667      -0.181926022715808     
   5.63113791666667       0.594540833333333      -0.180765615695475     
   5.63113791666667       0.890811250000000      -0.178961264523164     
   5.63113791666667        1.18708166666667      -0.176700329190910     
   5.63113791666667        1.48335208333333      -0.174158397640717     
   5.63113791666667        1.77962250000000      -0.171448290671197     
   5.63113791666667        2.07589291666667      -0.168636118067886     
   5.63113791666667        2.37216333333333      -0.165748713118626     
   5.63113791666667        2.66843375000000      -0.162770860184780     
   5.63113791666667        2.96470416666667      -0.159666318818832     
   5.63113791666667        3.26097458333333      -0.156446346912686     
   5.63113791666667        3.55724500000000      -0.153156748067410     
   5.63113791666667        3.85351541666667      -0.149855657392814     
   5.63113791666667        4.14978583333333      -0.146543646551868     
   5.63113791666667        4.44605625000000      -0.143196400166483     
   5.63113791666667        4.74232666666667      -0.139809185185323     
   5.63113791666667        5.03859708333333      -0.136441845166884     
   5.63113791666667        5.33486750000000      -0.133148776336932     
   5.63113791666667        5.63113791666667      -0.129968671855125     
   5.63113791666667        5.92740833333333      -0.127002511369798     
   5.63113791666667        6.22367875000000      -0.124296194390774     
   5.63113791666667        6.51994916666667      -0.121848139335188     
   5.63113791666667        6.81621958333333      -0.119594596941903     
   5.63113791666667        7.11249000000000      -0.117422201321546     
   5.92740833333333       2.000000000000000E-003 -0.174716483955337     
   5.92740833333333       0.298270416666667      -0.174327069328867     
   5.92740833333333       0.594540833333333      -0.173136150689328     
   5.92740833333333       0.890811250000000      -0.171289612358988     
   5.92740833333333        1.18708166666667      -0.169061673289628     
   5.92740833333333        1.48335208333333      -0.166648941235560     
   5.92740833333333        1.77962250000000      -0.164142842169700     
   5.92740833333333        2.07589291666667      -0.161580428332479     
   5.92740833333333        2.37216333333333      -0.158975656374225     
   5.92740833333333        2.66843375000000      -0.156325499304281     
   5.92740833333333        2.96470416666667      -0.153601932988653     
   5.92740833333333        3.26097458333333      -0.150779666435573     
   5.92740833333333        3.55724500000000      -0.147860942866767     
   5.92740833333333        3.85351541666667      -0.144870851014238     
   5.92740833333333        4.14978583333333      -0.141837799823503     
   5.92740833333333        4.44605625000000      -0.138789257321844     
   5.92740833333333        4.74232666666667      -0.135756316810479     
   5.92740833333333        5.03859708333333      -0.132763859494393     
   5.92740833333333        5.33486750000000      -0.129816909848665     
   5.92740833333333        5.63113791666667      -0.127002507419983     
   5.92740833333333        5.92740833333333      -0.124391084797672     
   5.92740833333333        6.22367875000000      -0.122016380828703     
   5.92740833333333        6.51994916666667      -0.119884609369255     
   5.92740833333333        6.81621958333333      -0.117921282492356     
   5.92740833333333        7.11249000000000      -0.115955088669255     
   6.22367875000000       2.000000000000000E-003 -0.168126291386362     
   6.22367875000000       0.298270416666667      -0.167721292336859     
   6.22367875000000       0.594540833333333      -0.166354662123064     
   6.22367875000000       0.890811250000000      -0.164313864155247     
   6.22367875000000        1.18708166666667      -0.162070589754540     
   6.22367875000000        1.48335208333333      -0.159802220535392     
   6.22367875000000        1.77962250000000      -0.157525951742880     
   6.22367875000000        2.07589291666667      -0.155232775779107     
   6.22367875000000        2.37216333333333      -0.152915769253475     
   6.22367875000000        2.66843375000000      -0.150571124692014     
   6.22367875000000        2.96470416666667      -0.148174125506643     
   6.22367875000000        3.26097458333333      -0.145686978834799     
   6.22367875000000        3.55724500000000      -0.143087557533821     
   6.22367875000000        3.85351541666667      -0.140385842919187     
   6.22367875000000        4.14978583333333      -0.137620833161991     
   6.22367875000000        4.44605625000000      -0.134844036826626     
   6.22367875000000        4.74232666666667      -0.132098770630277     
   6.22367875000000        5.03859708333333      -0.129400170082529     
   6.22367875000000        5.33486750000000      -0.126769115002301     
   6.22367875000000        5.63113791666667      -0.124296185849898     
   6.22367875000000        5.92740833333333      -0.122016381249977     
   6.22367875000000        6.22367875000000      -0.119955017070184     
   6.22367875000000        6.51994916666667      -0.118119238341237     
   6.22367875000000        6.81621958333333      -0.116421463732368     
   6.22367875000000        7.11249000000000      -0.114613157886342     
   6.51994916666667       2.000000000000000E-003 -0.162181181892240     
   6.51994916666667       0.298270416666667      -0.161719520858283     
   6.51994916666667       0.594540833333333      -0.159877828052858     
   6.51994916666667       0.890811250000000      -0.157579328627649     
   6.51994916666667        1.18708166666667      -0.155449513008735     
   6.51994916666667        1.48335208333333      -0.153444485640115     
   6.51994916666667        1.77962250000000      -0.151461742302212     
   6.51994916666667        2.07589291666667      -0.149465711454495     
   6.51994916666667        2.37216333333333      -0.147446089554884     
   6.51994916666667        2.66843375000000      -0.145390057512304     
   6.51994916666667        2.96470416666667      -0.143282858353749     
   6.51994916666667        3.26097458333333      -0.141083651862064     
   6.51994916666667        3.55724500000000      -0.138760597173316     
   6.51994916666667        3.85351541666667      -0.136317409100496     
   6.51994916666667        4.14978583333333      -0.133796877822072     
   6.51994916666667        4.44605625000000      -0.131261499168706     
   6.51994916666667        4.74232666666667      -0.128764351855468     
   6.51994916666667        5.03859708333333      -0.126323010826397     
   6.51994916666667        5.33486750000000      -0.123999512922435     
   6.51994916666667        5.63113791666667      -0.121848156984551     
   6.51994916666667        5.92740833333333      -0.119884652650218     
   6.51994916666667        6.22367875000000      -0.118119295195216     
   6.51994916666667        6.51994916666667      -0.116528170801729     
   6.51994916666667        6.81621958333333      -0.115012003304549     
   6.51994916666667        7.11249000000000      -0.113305830294608     
   6.81621958333333       2.000000000000000E-003 -0.156019378123610     
   6.81621958333333       0.298270416666667      -0.155280284164562     
   6.81621958333333       0.594540833333333      -0.152798660598639     
   6.81621958333333       0.890811250000000      -0.150747692252738     
   6.81621958333333        1.18708166666667      -0.149104004456385     
   6.81621958333333        1.48335208333333      -0.147510460564091     
   6.81621958333333        1.77962250000000      -0.145863315842451     
   6.81621958333333        2.07589291666667      -0.144167238634570     
   6.81621958333333        2.37216333333333      -0.142430092938491     
   6.81621958333333        2.66843375000000      -0.140637951193910     
   6.81621958333333        2.96470416666667      -0.138787271218533     
   6.81621958333333        3.26097458333333      -0.136840333292108     
   6.81621958333333        3.55724500000000      -0.134762352540917     
   6.81621958333333        3.85351541666667      -0.132554499529577     
   6.81621958333333        4.14978583333333      -0.130261074416978     
   6.81621958333333        4.44605625000000      -0.127950711177586     
   6.81621958333333        4.74232666666667      -0.125685009290245     
   6.81621958333333        5.03859708333333      -0.123497554084359     
   6.81621958333333        5.33486750000000      -0.121454915019928     
   6.81621958333333        5.63113791666667      -0.119594675357803     
   6.81621958333333        5.92740833333333      -0.117921414858106     
   6.81621958333333        6.22367875000000      -0.116421645699762     
   6.81621958333333        6.51994916666667      -0.115012181381395     
   6.81621958333333        6.81621958333333      -0.113428156101467     
   6.81621958333333        7.11249000000000      -0.111763041501270     
   7.11249000000000       2.000000000000000E-003 -0.149165233755635     
   7.11249000000000       0.298270416666667      -0.148083197741622     
   7.11249000000000       0.594540833333333      -0.145894314964460     
   7.11249000000000       0.890811250000000      -0.144520900328172     
   7.11249000000000        1.18708166666667      -0.143365269462527     
   7.11249000000000        1.48335208333333      -0.142101661276509     
   7.11249000000000        1.77962250000000      -0.140718658818532     
   7.11249000000000        2.07589291666667      -0.139261257989800     
   7.11249000000000        2.37216333333333      -0.137763768100452     
   7.11249000000000        2.66843375000000      -0.136198056284746     
   7.11249000000000        2.96470416666667      -0.134570057641161     
   7.11249000000000        3.26097458333333      -0.132846196980584     
   7.11249000000000        3.55724500000000      -0.130991670955695     
   7.11249000000000        3.85351541666667      -0.129006047345150     
   7.11249000000000        4.14978583333333      -0.126932652923859     
   7.11249000000000        4.44605625000000      -0.124841440655616     
   7.11249000000000        4.74232666666667      -0.122799093990526     
   7.11249000000000        5.03859708333333      -0.120850132739340     
   7.11249000000000        5.33486750000000      -0.119051775933704     
   7.11249000000000        5.63113791666667      -0.117422339769807     
   7.11249000000000        5.92740833333333      -0.115955302850310     
   7.11249000000000        6.22367875000000      -0.114613448941022     
   7.11249000000000        6.51994916666667      -0.113306166110125     
   7.11249000000000        6.81621958333333      -0.111763242587003     
   7.11249000000000        7.11249000000000      -0.109753276174185     
