  2.000000000000000E-003  2.000000000000000E-003 -0.415940609634432     
  2.000000000000000E-003  0.298270416666667      -0.441677069947502     
  2.000000000000000E-003  0.594540833333333      -0.451621935309599     
  2.000000000000000E-003  0.890811250000000      -0.458555789006698     
  2.000000000000000E-003   1.18708166666667      -0.460660621394115     
  2.000000000000000E-003   1.48335208333333      -0.456700120008739     
  2.000000000000000E-003   1.77962250000000      -0.447060909679813     
  2.000000000000000E-003   2.07589291666667      -0.432934374192584     
  2.000000000000000E-003   2.37216333333333      -0.416063692079875     
  2.000000000000000E-003   2.66843375000000      -0.398179711890928     
  2.000000000000000E-003   2.96470416666667      -0.378225427215396     
  2.000000000000000E-003   3.26097458333333      -0.356584723361952     
  2.000000000000000E-003   3.55724500000000      -0.334484584595530     
  2.000000000000000E-003   3.85351541666667      -0.313121112515276     
  2.000000000000000E-003   4.14978583333333      -0.293253636546216     
  2.000000000000000E-003   4.44605625000000      -0.275158347424434     
  2.000000000000000E-003   4.74232666666667      -0.258872608774747     
  2.000000000000000E-003   5.03859708333333      -0.244483944497379     
  2.000000000000000E-003   5.33486750000000      -0.232082682346891     
  2.000000000000000E-003   5.63113791666667      -0.221620413970882     
  2.000000000000000E-003   5.92740833333333      -0.212933760698973     
  2.000000000000000E-003   6.22367875000000      -0.205603526092646     
  2.000000000000000E-003   6.51994916666667      -0.198679385386605     
  2.000000000000000E-003   6.81621958333333      -0.190107931131477     
  2.000000000000000E-003   7.11249000000000      -0.179542431555295     
  0.298270416666667       2.000000000000000E-003 -0.441676974310201     
  0.298270416666667       0.298270416666667      -0.463077210929835     
  0.298270416666667       0.594540833333333      -0.482400116119947     
  0.298270416666667       0.890811250000000      -0.500883093036472     
  0.298270416666667        1.18708166666667      -0.508641972026173     
  0.298270416666667        1.48335208333333      -0.505903445721654     
  0.298270416666667        1.77962250000000      -0.494887157195830     
  0.298270416666667        2.07589291666667      -0.477385989031738     
  0.298270416666667        2.37216333333333      -0.456628109876993     
  0.298270416666667        2.66843375000000      -0.434689822620953     
  0.298270416666667        2.96470416666667      -0.410050760612518     
  0.298270416666667        3.26097458333333      -0.383428272436380     
  0.298270416666667        3.55724500000000      -0.356592424246027     
  0.298270416666667        3.85351541666667      -0.331122574818725     
  0.298270416666667        4.14978583333333      -0.307879466546816     
  0.298270416666667        4.44605625000000      -0.287052246835383     
  0.298270416666667        4.74232666666667      -0.268532077809178     
  0.298270416666667        5.03859708333333      -0.252273785333943     
  0.298270416666667        5.33486750000000      -0.238297162019400     
  0.298270416666667        5.63113791666667      -0.226479140155901     
  0.298270416666667        5.92740833333333      -0.216571711962243     
  0.298270416666667        6.22367875000000      -0.208019407448697     
  0.298270416666667        6.51994916666667      -0.199833813539330     
  0.298270416666667        6.81621958333333      -0.191196229665197     
  0.298270416666667        7.11249000000000      -0.182934285297811     
  0.594540833333333       2.000000000000000E-003 -0.451621702328648     
  0.594540833333333       0.298270416666667      -0.482400039274750     
  0.594540833333333       0.594540833333333      -0.514179091467710     
  0.594540833333333       0.890811250000000      -0.541084100907428     
  0.594540833333333        1.18708166666667      -0.554343617782721     
  0.594540833333333        1.48335208333333      -0.553834934723453     
  0.594540833333333        1.77962250000000      -0.542353440699099     
  0.594540833333333        2.07589291666667      -0.522230500522824     
  0.594540833333333        2.37216333333333      -0.497968864169534     
  0.594540833333333        2.66843375000000      -0.471844437304516     
  0.594540833333333        2.96470416666667      -0.442066403228916     
  0.594540833333333        3.26097458333333      -0.410057219686353     
  0.594540833333333        3.55724500000000      -0.378240336228673     
  0.594540833333333        3.85351541666667      -0.348551322419088     
  0.594540833333333        4.14978583333333      -0.321875804202817     
  0.594540833333333        4.44605625000000      -0.298254310795138     
  0.594540833333333        4.74232666666667      -0.277409393662619     
  0.594540833333333        5.03859708333333      -0.259156518552287     
  0.594540833333333        5.33486750000000      -0.243445622452378     
  0.594540833333333        5.63113791666667      -0.230090697568474     
  0.594540833333333        5.92740833333333      -0.218746043732624     
  0.594540833333333        6.22367875000000      -0.208833630590423     
  0.594540833333333        6.51994916666667      -0.199749119129687     
  0.594540833333333        6.81621958333333      -0.191479137854725     
  0.594540833333333        7.11249000000000      -0.183465155705503     
  0.890811250000000       2.000000000000000E-003 -0.458555440225973     
  0.890811250000000       0.298270416666667      -0.500882848999590     
  0.890811250000000       0.594540833333333      -0.541083946667930     
  0.890811250000000       0.890811250000000      -0.573333814576152     
  0.890811250000000        1.18708166666667      -0.591554526749843     
  0.890811250000000        1.48335208333333      -0.594672298430673     
  0.890811250000000        1.77962250000000      -0.583813033386791     
  0.890811250000000        2.07589291666667      -0.561882637644920     
  0.890811250000000        2.37216333333333      -0.536398561467128     
  0.890811250000000        2.66843375000000      -0.506563992973684     
  0.890811250000000        2.96470416666667      -0.471857221138727     
  0.890811250000000        3.26097458333333      -0.434709322384621     
  0.890811250000000        3.55724500000000      -0.398206948802101     
  0.890811250000000        3.85351541666667      -0.364572811554891     
  0.890811250000000        4.14978583333333      -0.334664910635203     
  0.890811250000000        4.44605625000000      -0.308357182090738     
  0.890811250000000        4.74232666666667      -0.285226389588611     
  0.890811250000000        5.03859708333333      -0.264999736012854     
  0.890811250000000        5.33486750000000      -0.247582236128916     
  0.890811250000000        5.63113791666667      -0.232778790733581     
  0.890811250000000        5.92740833333333      -0.220195983672865     
  0.890811250000000        6.22367875000000      -0.209323873834732     
  0.890811250000000        6.51994916666667      -0.199724968308368     
  0.890811250000000        6.81621958333333      -0.191082315515293     
  0.890811250000000        7.11249000000000      -0.182618385403265     
   1.18708166666667       2.000000000000000E-003 -0.460660098208848     
   1.18708166666667       0.298270416666667      -0.508641482643134     
   1.18708166666667       0.594540833333333      -0.554343197465805     
   1.18708166666667       0.890811250000000      -0.591554260475489     
   1.18708166666667        1.18708166666667      -0.614983304288413     
   1.18708166666667        1.48335208333333      -0.622266377983506     
   1.18708166666667        1.77962250000000      -0.613427528429471     
   1.18708166666667        2.07589291666667      -0.593449527026507     
   1.18708166666667        2.37216333333333      -0.568615729914961     
   1.18708166666667        2.66843375000000      -0.536439297331220     
   1.18708166666667        2.96470416666667      -0.498023750080257     
   1.18708166666667        3.26097458333333      -0.456685566875279     
   1.18708166666667        3.55724500000000      -0.416119909784274     
   1.18708166666667        3.85351541666667      -0.378922237139372     
   1.18708166666667        4.14978583333333      -0.346010840478715     
   1.18708166666667        4.44605625000000      -0.317140519348239     
   1.18708166666667        4.74232666666667      -0.291801411342417     
   1.18708166666667        5.03859708333333      -0.269710084445417     
   1.18708166666667        5.33486750000000      -0.250755612021847     
   1.18708166666667        5.63113791666667      -0.234738125834969     
   1.18708166666667        5.92740833333333      -0.221209965893809     
   1.18708166666667        6.22367875000000      -0.209618371910896     
   1.18708166666667        6.51994916666667      -0.199460635773536     
   1.18708166666667        6.81621958333333      -0.190266373413565     
   1.18708166666667        7.11249000000000      -0.181493165211368     
   1.48335208333333       2.000000000000000E-003 -0.456699335948831     
   1.48335208333333       0.298270416666667      -0.505902627100838     
   1.48335208333333       0.594540833333333      -0.553834158694533     
   1.48335208333333       0.890811250000000      -0.594671675641953     
   1.48335208333333        1.18708166666667      -0.622266028322308     
   1.48335208333333        1.48335208333333      -0.633115926876698     
   1.48335208333333        1.77962250000000      -0.628338168044205     
   1.48335208333333        2.07589291666667      -0.615471772738971     
   1.48335208333333        2.37216333333333      -0.593547780623413     
   1.48335208333333        2.66843375000000      -0.562038339773835     
   1.48335208333333        2.96470416666667      -0.522408301843316     
   1.48335208333333        3.26097458333333      -0.477517747560471     
   1.48335208333333        3.55724500000000      -0.433042381433055     
   1.48335208333333        3.85351541666667      -0.392172508081606     
   1.48335208333333        4.14978583333333      -0.356183088365971     
   1.48335208333333        4.44605625000000      -0.324631755858484     
   1.48335208333333        4.74232666666667      -0.297054047330334     
   1.48335208333333        5.03859708333333      -0.273209764349850     
   1.48335208333333        5.33486750000000      -0.252970708050672     
   1.48335208333333        5.63113791666667      -0.236026597009723     
   1.48335208333333        5.92740833333333      -0.221816439032327     
   1.48335208333333        6.22367875000000      -0.209669912738920     
   1.48335208333333        6.51994916666667      -0.198999961039309     
   1.48335208333333        6.81621958333333      -0.189352860807624     
   1.48335208333333        7.11249000000000      -0.180383134881170     
   1.77962250000000       2.000000000000000E-003 -0.447059823365871     
   1.77962250000000       0.298270416666667      -0.494885977939618     
   1.77962250000000       0.594540833333333      -0.542352288244966     
   1.77962250000000       0.890811250000000      -0.583812046987118     
   1.77962250000000        1.18708166666667      -0.613426834973550     
   1.77962250000000        1.48335208333333      -0.628337832120079     
   1.77962250000000        1.77962250000000      -0.633250598328728     
   1.77962250000000        2.07589291666667      -0.628493702404906     
   1.77962250000000        2.37216333333333      -0.613657028209075     
   1.77962250000000        2.66843375000000      -0.584099655364391     
   1.77962250000000        2.96470416666667      -0.542565576385672     
   1.77962250000000        3.26097458333333      -0.495053666749550     
   1.77962250000000        3.55724500000000      -0.447195173111157     
   1.77962250000000        3.85351541666667      -0.403263840515526     
   1.77962250000000        4.14978583333333      -0.364397938802660     
   1.77962250000000        4.44605625000000      -0.330464716566970     
   1.77962250000000        4.74232666666667      -0.300849495885314     
   1.77962250000000        5.03859708333333      -0.275389252312623     
   1.77962250000000        5.33486750000000      -0.254161860567510     
   1.77962250000000        5.63113791666667      -0.236632439599152     
   1.77962250000000        5.92740833333333      -0.222002377116678     
   1.77962250000000        6.22367875000000      -0.209471618172047     
   1.77962250000000        6.51994916666667      -0.198412793849668     
   1.77962250000000        6.81621958333333      -0.188445161257851     
   1.77962250000000        7.11249000000000      -0.179353806878703     
   2.07589291666667       2.000000000000000E-003 -0.432933057346807     
   2.07589291666667       0.298270416666667      -0.477384546887943     
   2.07589291666667       0.594540833333333      -0.522229083982157     
   2.07589291666667       0.890811250000000      -0.561881414232168     
   2.07589291666667        1.18708166666667      -0.593448591317386     
   2.07589291666667        1.48335208333333      -0.615471160693829     
   2.07589291666667        1.77962250000000      -0.628493408362621     
   2.07589291666667        2.07589291666667      -0.633432172971008     
   2.07589291666667        2.37216333333333      -0.622641757795257     
   2.07589291666667        2.66843375000000      -0.595065139548829     
   2.07589291666667        2.96470416666667      -0.554164908397111     
   2.07589291666667        3.26097458333333      -0.506131485869884     
   2.07589291666667        3.55724500000000      -0.456871361393128     
   2.07589291666667        3.85351541666667      -0.410752789030014     
   2.07589291666667        4.14978583333333      -0.369504934569978     
   2.07589291666667        4.44605625000000      -0.333470763346178     
   2.07589291666667        4.74232666666667      -0.302367703858917     
   2.07589291666667        5.03859708333333      -0.275988718046592     
   2.07589291666667        5.33486750000000      -0.254255314188266     
   2.07589291666667        5.63113791666667      -0.236521177915770     
   2.07589291666667        5.92740833333333      -0.221739509030215     
   2.07589291666667        6.22367875000000      -0.208995844205565     
   2.07589291666667        6.51994916666667      -0.197682674117093     
   2.07589291666667        6.81621958333333      -0.187520678502973     
   2.07589291666667        7.11249000000000      -0.178378993552763     
   2.37216333333333       2.000000000000000E-003 -0.416062328489720     
   2.37216333333333       0.298270416666667      -0.456626594922560     
   2.37216333333333       0.594540833333333      -0.497967357383449     
   2.37216333333333       0.890811250000000      -0.536397209612956     
   2.37216333333333        1.18708166666667      -0.568614631748799     
   2.37216333333333        1.48335208333333      -0.593546973785803     
   2.37216333333333        1.77962250000000      -0.613656498978081     
   2.37216333333333        2.07589291666667      -0.622641497157789     
   2.37216333333333        2.37216333333333      -0.615391250154685     
   2.37216333333333        2.66843375000000      -0.591981699238904     
   2.37216333333333        2.96470416666667      -0.554716323333891     
   2.37216333333333        3.26097458333333      -0.508943764595375     
   2.37216333333333        3.55724500000000      -0.460854577241249     
   2.37216333333333        3.85351541666667      -0.414231732835076     
   2.37216333333333        4.14978583333333      -0.371322576592855     
   2.37216333333333        4.44605625000000      -0.333737833516345     
   2.37216333333333        4.74232666666667      -0.301751588074016     
   2.37216333333333        5.03859708333333      -0.275027947740546     
   2.37216333333333        5.33486750000000      -0.253246554202937     
   2.37216333333333        5.63113791666667      -0.235720964840087     
   2.37216333333333        5.92740833333333      -0.220984220985726     
   2.37216333333333        6.22367875000000      -0.208151138182554     
   2.37216333333333        6.51994916666667      -0.196713058166576     
   2.37216333333333        6.81621958333333      -0.186480764153070     
   2.37216333333333        7.11249000000000      -0.177384458470055     
   2.66843375000000       2.000000000000000E-003 -0.398178379259845     
   2.66843375000000       0.298270416666667      -0.434688318776337     
   2.66843375000000       0.594540833333333      -0.471842922258302     
   2.66843375000000       0.890811250000000      -0.506562613914490     
   2.66843375000000        1.18708166666667      -0.536438149347062     
   2.66843375000000        1.48335208333333      -0.562037446173141     
   2.66843375000000        1.77962250000000      -0.584098985299405     
   2.66843375000000        2.07589291666667      -0.595064699266761     
   2.66843375000000        2.37216333333333      -0.591981504753741     
   2.66843375000000        2.66843375000000      -0.573749166254571     
   2.66843375000000        2.96470416666667      -0.541500377640847     
   2.66843375000000        3.26097458333333      -0.501213889134661     
   2.66843375000000        3.55724500000000      -0.458776524363908     
   2.66843375000000        3.85351541666667      -0.414075904177407     
   2.66843375000000        4.14978583333333      -0.370420316052642     
   2.66843375000000        4.44605625000000      -0.332227932231780     
   2.66843375000000        4.74232666666667      -0.300098407930693     
   2.66843375000000        5.03859708333333      -0.273425312881700     
   2.66843375000000        5.33486750000000      -0.251712181231837     
   2.66843375000000        5.63113791666667      -0.234322111720333     
   2.66843375000000        5.92740833333333      -0.219701577210829     
   2.66843375000000        6.22367875000000      -0.206829935211523     
   2.66843375000000        6.51994916666667      -0.195351982514199     
   2.66843375000000        6.81621958333333      -0.185170977133137     
   2.66843375000000        7.11249000000000      -0.176226328219340     
   2.96470416666667       2.000000000000000E-003 -0.378224205030504     
   2.96470416666667       0.298270416666667      -0.410049362950111     
   2.96470416666667       0.594540833333333      -0.442064986135555     
   2.96470416666667       0.890811250000000      -0.471855927686812     
   2.96470416666667        1.18708166666667      -0.498022668206003     
   2.96470416666667        1.48335208333333      -0.522407440365779     
   2.96470416666667        1.77962250000000      -0.542564892455078     
   2.96470416666667        2.07589291666667      -0.554164417969971     
   2.96470416666667        2.37216333333333      -0.554716066607768     
   2.96470416666667        2.66843375000000      -0.541500333611489     
   2.96470416666667        2.96470416666667      -0.514557326078396     
   2.96470416666667        3.26097458333333      -0.482775975444101     
   2.96470416666667        3.55724500000000      -0.451906237220669     
   2.96470416666667        3.85351541666667      -0.410997949394441     
   2.96470416666667        4.14978583333333      -0.368228155179722     
   2.96470416666667        4.44605625000000      -0.330818814568117     
   2.96470416666667        4.74232666666667      -0.298797150924480     
   2.96470416666667        5.03859708333333      -0.271960132589533     
   2.96470416666667        5.33486750000000      -0.250052462775648     
   2.96470416666667        5.63113791666667      -0.232400318060006     
   2.96470416666667        5.92740833333333      -0.217747246178151     
   2.96470416666667        6.22367875000000      -0.204851095861480     
   2.96470416666667        6.51994916666667      -0.193438136764017     
   2.96470416666667        6.81621958333333      -0.183449592776177     
   2.96470416666667        7.11249000000000      -0.174779735873887     
   3.26097458333333       2.000000000000000E-003 -0.356583662691684     
   3.26097458333333       0.298270416666667      -0.383427045791636     
   3.26097458333333       0.594540833333333      -0.410055972937492     
   3.26097458333333       0.890811250000000      -0.434708189793533     
   3.26097458333333        1.18708166666667      -0.456684630771936     
   3.26097458333333        1.48335208333333      -0.477517014685825     
   3.26097458333333        1.77962250000000      -0.495053082579416     
   3.26097458333333        2.07589291666667      -0.506131067795147     
   3.26097458333333        2.37216333333333      -0.508943571034838     
   3.26097458333333        2.66843375000000      -0.501213941699568     
   3.26097458333333        2.96470416666667      -0.482776161836630     
   3.26097458333333        3.26097458333333      -0.463608940075999     
   3.26097458333333        3.55724500000000      -0.441945169626057     
   3.26097458333333        3.85351541666667      -0.404591222218528     
   3.26097458333333        4.14978583333333      -0.368205073663573     
   3.26097458333333        4.44605625000000      -0.331427527466938     
   3.26097458333333        4.74232666666667      -0.298083789866497     
   3.26097458333333        5.03859708333333      -0.270160497025161     
   3.26097458333333        5.33486750000000      -0.247675843870821     
   3.26097458333333        5.63113791666667      -0.229668021073477     
   3.26097458333333        5.92740833333333      -0.214804643247850     
   3.26097458333333        6.22367875000000      -0.201960913453162     
   3.26097458333333        6.51994916666667      -0.190783065413129     
   3.26097458333333        6.81621958333333      -0.181170414129554     
   3.26097458333333        7.11249000000000      -0.172915886407682     
   3.55724500000000       2.000000000000000E-003 -0.334483691518420     
   3.55724500000000       0.298270416666667      -0.356591382347912     
   3.55724500000000       0.594540833333333      -0.378239276741589     
   3.55724500000000       0.890811250000000      -0.398205994364816     
   3.55724500000000        1.18708166666667      -0.416119140068135     
   3.55724500000000        1.48335208333333      -0.433041814021088     
   3.55724500000000        1.77962250000000      -0.447194742894708     
   3.55724500000000        2.07589291666667      -0.456871070952928     
   3.55724500000000        2.37216333333333      -0.460854470926232     
   3.55724500000000        2.66843375000000      -0.458776609211170     
   3.55724500000000        2.96470416666667      -0.451906422699926     
   3.55724500000000        3.26097458333333      -0.441945280950923     
   3.55724500000000        3.55724500000000      -0.416214870025365     
   3.55724500000000        3.85351541666667      -0.402876858450535     
   3.55724500000000        4.14978583333333      -0.371067454227413     
   3.55724500000000        4.44605625000000      -0.330778865608480     
   3.55724500000000        4.74232666666667      -0.294792974631198     
   3.55724500000000        5.03859708333333      -0.265770720674083     
   3.55724500000000        5.33486750000000      -0.243077378223163     
   3.55724500000000        5.63113791666667      -0.225165114834416     
   3.55724500000000        5.92740833333333      -0.210445774805838     
   3.55724500000000        6.22367875000000      -0.197934823702357     
   3.55724500000000        6.51994916666667      -0.187259776844623     
   3.55724500000000        6.81621958333333      -0.178241694424802     
   3.55724500000000        7.11249000000000      -0.170543008489610     
   3.85351541666667       2.000000000000000E-003 -0.313120363735326     
   3.85351541666667       0.298270416666667      -0.331121695635271     
   3.85351541666667       0.594540833333333      -0.348550426645923     
   3.85351541666667       0.890811250000000      -0.364572008594050     
   3.85351541666667        1.18708166666667      -0.378921603704981     
   3.85351541666667        1.48335208333333      -0.392172078131313     
   3.85351541666667        1.77962250000000      -0.403263546688666     
   3.85351541666667        2.07589291666667      -0.410752605618439     
   3.85351541666667        2.37216333333333      -0.414231666661888     
   3.85351541666667        2.66843375000000      -0.414075908693832     
   3.85351541666667        2.96470416666667      -0.410997892488887     
   3.85351541666667        3.26097458333333      -0.404591081639869     
   3.85351541666667        3.55724500000000      -0.402876678356639     
   3.85351541666667        3.85351541666667      -0.392492549000307     
   3.85351541666667        4.14978583333333      -0.359291309827328     
   3.85351541666667        4.44605625000000      -0.319362357375780     
   3.85351541666667        4.74232666666667      -0.284193984566712     
   3.85351541666667        5.03859708333333      -0.256344013423566     
   3.85351541666667        5.33486750000000      -0.234938766124957     
   3.85351541666667        5.63113791666667      -0.218211633270720     
   3.85351541666667        5.92740833333333      -0.204439323243195     
   3.85351541666667        6.22367875000000      -0.192738886315045     
   3.85351541666667        6.51994916666667      -0.182901281361828     
   3.85351541666667        6.81621958333333      -0.174694920117036     
   3.85351541666667        7.11249000000000      -0.167662722434382     
   4.14978583333333       2.000000000000000E-003 -0.293253006161656     
   4.14978583333333       0.298270416666667      -0.307878723089103     
   4.14978583333333       0.594540833333333      -0.321875042171230     
   4.14978583333333       0.890811250000000      -0.334664224078025     
   4.14978583333333        1.18708166666667      -0.346010299096786     
   4.14978583333333        1.48335208333333      -0.356182737850808     
   4.14978583333333        1.77962250000000      -0.364397725302415     
   4.14978583333333        2.07589291666667      -0.369504807077693     
   4.14978583333333        2.37216333333333      -0.371322514600659     
   4.14978583333333        2.66843375000000      -0.370420269602984     
   4.14978583333333        2.96470416666667      -0.368228043941812     
   4.14978583333333        3.26097458333333      -0.368204887730363     
   4.14978583333333        3.55724500000000      -0.371067184241851     
   4.14978583333333        3.85351541666667      -0.359291065060193     
   4.14978583333333        4.14978583333333      -0.330005229701363     
   4.14978583333333        4.44605625000000      -0.296227677546317     
   4.14978583333333        4.74232666666667      -0.266073855976319     
   4.14978583333333        5.03859708333333      -0.242010865518626     
   4.14978583333333        5.33486750000000      -0.223531632983099     
   4.14978583333333        5.63113791666667      -0.209130304746492     
   4.14978583333333        5.92740833333333      -0.197075386924291     
   4.14978583333333        6.22367875000000      -0.186647079874200     
   4.14978583333333        6.51994916666667      -0.177948802452449     
   4.14978583333333        6.81621958333333      -0.170712746182431     
   4.14978583333333        7.11249000000000      -0.164397830523146     
   4.44605625000000       2.000000000000000E-003 -0.275157829338886     
   4.44605625000000       0.298270416666667      -0.287051632962030     
   4.44605625000000       0.594540833333333      -0.298253674459328     
   4.44605625000000       0.890811250000000      -0.308356599505777     
   4.44605625000000        1.18708166666667      -0.317140049320091     
   4.44605625000000        1.48335208333333      -0.324631435956164     
   4.44605625000000        1.77962250000000      -0.330464535491461     
   4.44605625000000        2.07589291666667      -0.333470654625656     
   4.44605625000000        2.37216333333333      -0.333737763614855     
   4.44605625000000        2.66843375000000      -0.332227866232952     
   4.44605625000000        2.96470416666667      -0.330818700442650     
   4.44605625000000        3.26097458333333      -0.331427311061284     
   4.44605625000000        3.55724500000000      -0.330778511583626     
   4.44605625000000        3.85351541666667      -0.319361964494733     
   4.44605625000000        4.14978583333333      -0.296227447344482     
   4.44605625000000        4.44605625000000      -0.269413699700931     
   4.44605625000000        4.74232666666667      -0.245155111216415     
   4.44605625000000        5.03859708333333      -0.225656544628241     
   4.44605625000000        5.33486750000000      -0.210791573419259     
   4.44605625000000        5.63113791666667      -0.199310294677991     
   4.44605625000000        5.92740833333333      -0.189096739298274     
   4.44605625000000        6.22367875000000      -0.180185393869175     
   4.44605625000000        6.51994916666667      -0.172789162450652     
   4.44605625000000        6.81621958333333      -0.166568458480891     
   4.44605625000000        7.11249000000000      -0.160943596575613     
   4.74232666666667       2.000000000000000E-003 -0.258872221774653     
   4.74232666666667       0.298270416666667      -0.268531614852613     
   4.74232666666667       0.594540833333333      -0.277408903739954     
   4.74232666666667       0.890811250000000      -0.285225928570760     
   4.74232666666667        1.18708166666667      -0.291801026129508     
   4.74232666666667        1.48335208333333      -0.297053766746529     
   4.74232666666667        1.77962250000000      -0.300849330319125     
   4.74232666666667        2.07589291666667      -0.302367605541690     
   4.74232666666667        2.37216333333333      -0.301751517866783     
   4.74232666666667        2.66843375000000      -0.300098336901384     
   4.74232666666667        2.96470416666667      -0.298797035061894     
   4.74232666666667        3.26097458333333      -0.298083569902057     
   4.74232666666667        3.55724500000000      -0.294792621938652     
   4.74232666666667        3.85351541666667      -0.284193571536557     
   4.74232666666667        4.14978583333333      -0.266073525915803     
   4.74232666666667        4.44605625000000      -0.245154950106088     
   4.74232666666667        4.74232666666667      -0.225965302318363     
   4.74232666666667        5.03859708333333      -0.210561282310924     
   4.74232666666667        5.33486750000000      -0.199091669914330     
   4.74232666666667        5.63113791666667      -0.189922038041715     
   4.74232666666667        5.92740833333333      -0.181301041980086     
   4.74232666666667        6.22367875000000      -0.173912063750720     
   4.74232666666667        6.51994916666667      -0.167795343245263     
   4.74232666666667        6.81621958333333      -0.162508918389255     
   4.74232666666667        7.11249000000000      -0.157485897235272     
   5.03859708333333       2.000000000000000E-003 -0.244483719356561     
   5.03859708333333       0.298270416666667      -0.252273509975969     
   5.03859708333333       0.594540833333333      -0.259156212429968     
   5.03859708333333       0.890811250000000      -0.264999428232811     
   5.03859708333333        1.18708166666667      -0.269709812470473     
   5.03859708333333        1.48335208333333      -0.273209555644387     
   5.03859708333333        1.77962250000000      -0.275389116063609     
   5.03859708333333        2.07589291666667      -0.275988643015869     
   5.03859708333333        2.37216333333333      -0.275027898040368     
   5.03859708333333        2.66843375000000      -0.273425260587818     
   5.03859708333333        2.96470416666667      -0.271960042012301     
   5.03859708333333        3.26097458333333      -0.270160323125113     
   5.03859708333333        3.55724500000000      -0.265770440247536     
   5.03859708333333        3.85351541666667      -0.256343664989374     
   5.03859708333333        4.14978583333333      -0.242010536253184     
   5.03859708333333        4.44605625000000      -0.225656308398796     
   5.03859708333333        4.74232666666667      -0.210561167953131     
   5.03859708333333        5.03859708333333      -0.198590624668431     
   5.03859708333333        5.33486750000000      -0.189669456974564     
   5.03859708333333        5.63113791666667      -0.181474147103389     
   5.03859708333333        5.92740833333333      -0.174214380374465     
   5.03859708333333        6.22367875000000      -0.168169317882108     
   5.03859708333333        6.51994916666667      -0.163144366898009     
   5.03859708333333        6.81621958333333      -0.158652188069784     
   5.03859708333333        7.11249000000000      -0.154150033967227     
   5.33486750000000       2.000000000000000E-003 -0.232082603360605     
   5.33486750000000       0.298270416666667      -0.238297062384936     
   5.33486750000000       0.594540833333333      -0.243445495824699     
   5.33486750000000       0.890811250000000      -0.247582088787938     
   5.33486750000000        1.18708166666667      -0.250755464998810     
   5.33486750000000        1.48335208333333      -0.252970588670555     
   5.33486750000000        1.77962250000000      -0.254161784708338     
   5.33486750000000        2.07589291666667      -0.254255276475658     
   5.33486750000000        2.37216333333333      -0.253246538480428     
   5.33486750000000        2.66843375000000      -0.251712162138607     
   5.33486750000000        2.96470416666667      -0.250052412284512     
   5.33486750000000        3.26097458333333      -0.247675729826420     
   5.33486750000000        3.55724500000000      -0.243077179484019     
   5.33486750000000        3.85351541666667      -0.234938496175857     
   5.33486750000000        4.14978583333333      -0.223531339445263     
   5.33486750000000        4.44605625000000      -0.210791313580470     
   5.33486750000000        4.74232666666667      -0.199091488223050     
   5.33486750000000        5.03859708333333      -0.189669372998787     
   5.33486750000000        5.33486750000000      -0.181377896184488     
   5.33486750000000        5.63113791666667      -0.174109024774675     
   5.33486750000000        5.92740833333333      -0.167976981090350     
   5.33486750000000        6.22367875000000      -0.163025281843440     
   5.33486750000000        6.51994916666667      -0.158923237928554     
   5.33486750000000        6.81621958333333      -0.155108377156368     
   5.33486750000000        7.11249000000000      -0.151096462351018     
   5.63113791666667       2.000000000000000E-003 -0.221620419935573     
   5.63113791666667       0.298270416666667      -0.226479149279922     
   5.63113791666667       0.594540833333333      -0.230090686962626     
   5.63113791666667       0.890811250000000      -0.232778748811846     
   5.63113791666667        1.18708166666667      -0.234738064539391     
   5.63113791666667        1.48335208333333      -0.236026546055184     
   5.63113791666667        1.77962250000000      -0.236632420954892     
   5.63113791666667        2.07589291666667      -0.236521186048971     
   5.63113791666667        2.37216333333333      -0.235720980505618     
   5.63113791666667        2.66843375000000      -0.234322115440601     
   5.63113791666667        2.96470416666667      -0.232400292150629     
   5.63113791666667        3.26097458333333      -0.229667942381196     
   5.63113791666667        3.55724500000000      -0.225164966643407     
   5.63113791666667        3.85351541666667      -0.218211416769766     
   5.63113791666667        4.14978583333333      -0.209130046636366     
   5.63113791666667        4.44605625000000      -0.199310041142663     
   5.63113791666667        4.74232666666667      -0.189921835513588     
   5.63113791666667        5.03859708333333      -0.181474025815387     
   5.63113791666667        5.33486750000000      -0.174108986059539     
   5.63113791666667        5.63113791666667      -0.167816331449328     
   5.63113791666667        5.92740833333333      -0.162689443656749     
   5.63113791666667        6.22367875000000      -0.158664474560038     
   5.63113791666667        6.51994916666667      -0.155318593464193     
   5.63113791666667        6.81621958333333      -0.152054204314816     
   5.63113791666667        7.11249000000000      -0.148449908211112     
   5.92740833333333       2.000000000000000E-003 -0.212933778148031     
   5.92740833333333       0.298270416666667      -0.216571746985832     
   5.92740833333333       0.594540833333333      -0.218746065281549     
   5.92740833333333       0.890811250000000      -0.220195970802912     
   5.92740833333333        1.18708166666667      -0.221209928620138     
   5.92740833333333        1.48335208333333      -0.221816409331903     
   5.92740833333333        1.77962250000000      -0.222002384203941     
   5.92740833333333        2.07589291666667      -0.221739547844901     
   5.92740833333333        2.37216333333333      -0.220984262727861     
   5.92740833333333        2.66843375000000      -0.219701597071927     
   5.92740833333333        2.96470416666667      -0.217747227160109     
   5.92740833333333        3.26097458333333      -0.214804574050292     
   5.92740833333333        3.55724500000000      -0.210445649008028     
   5.92740833333333        3.85351541666667      -0.204439143830533     
   5.92740833333333        4.14978583333333      -0.197075171953681     
   5.92740833333333        4.44605625000000      -0.189096521939405     
   5.92740833333333        4.74232666666667      -0.181300863798550     
   5.92740833333333        5.03859708333333      -0.174214280098233     
   5.92740833333333        5.33486750000000      -0.167976976913420     
   5.92740833333333        5.63113791666667      -0.162689480258683     
   5.92740833333333        5.92740833333333      -0.158484298706961     
   5.92740833333333        6.22367875000000      -0.155229380249880     
   5.92740833333333        6.51994916666667      -0.152469497694967     
   5.92740833333333        6.81621958333333      -0.149584071383133     
   5.92740833333333        7.11249000000000      -0.146229346920429     
   6.22367875000000       2.000000000000000E-003 -0.205603512067793     
   6.22367875000000       0.298270416666667      -0.208019405504480     
   6.22367875000000       0.594540833333333      -0.208833610729779     
   6.22367875000000       0.890811250000000      -0.209323826347555     
   6.22367875000000        1.18708166666667      -0.209618312134775     
   6.22367875000000        1.48335208333333      -0.209669871115260     
   6.22367875000000        1.77962250000000      -0.209471623199531     
   6.22367875000000        2.07589291666667      -0.208995893381842     
   6.22367875000000        2.37216333333333      -0.208151193783257     
   6.22367875000000        2.66843375000000      -0.206829967937747     
   6.22367875000000        2.96470416666667      -0.204851090691994     
   6.22367875000000        3.26097458333333      -0.201960865699630     
   6.22367875000000        3.55724500000000      -0.197934734328876     
   6.22367875000000        3.85351541666667      -0.192738760580961     
   6.22367875000000        4.14978583333333      -0.186646930375938     
   6.22367875000000        4.44605625000000      -0.180185244879001     
   6.22367875000000        4.74232666666667      -0.173911952842869     
   6.22367875000000        5.03859708333333      -0.168169293548505     
   6.22367875000000        5.33486750000000      -0.163025363308068     
   6.22367875000000        5.63113791666667      -0.158664595621042     
   6.22367875000000        5.92740833333333      -0.155229467125190     
   6.22367875000000        6.22367875000000      -0.152619874259613     
   6.22367875000000        6.51994916666667      -0.150366213767955     
   6.22367875000000        6.81621958333333      -0.147678404990508     
   6.22367875000000        7.11249000000000      -0.144305548267860     
   6.51994916666667       2.000000000000000E-003 -0.198679354911731     
   6.51994916666667       0.298270416666667      -0.199833757155077     
   6.51994916666667       0.594540833333333      -0.199749024697047     
   6.51994916666667       0.890811250000000      -0.199724866833400     
   6.51994916666667        1.18708166666667      -0.199460547176203     
   6.51994916666667        1.48335208333333      -0.198999906694466     
   6.51994916666667        1.77962250000000      -0.198412794431823     
   6.51994916666667        2.07589291666667      -0.197682725866494     
   6.51994916666667        2.37216333333333      -0.196713119694534     
   6.51994916666667        2.66843375000000      -0.195352024530449     
   6.51994916666667        2.96470416666667      -0.193438148200017     
   6.51994916666667        3.26097458333333      -0.190783047616294     
   6.51994916666667        3.55724500000000      -0.187259735929013     
   6.51994916666667        3.85351541666667      -0.182901223442180     
   6.51994916666667        4.14978583333333      -0.177948735399346     
   6.51994916666667        4.44605625000000      -0.172789102550695     
   6.51994916666667        4.74232666666667      -0.167795323195510     
   6.51994916666667        5.03859708333333      -0.163144443125423     
   6.51994916666667        5.33486750000000      -0.158923408240273     
   6.51994916666667        5.63113791666667      -0.155318798222228     
   6.51994916666667        5.92740833333333      -0.152469674361787     
   6.51994916666667        6.22367875000000      -0.150366311584067     
   6.51994916666667        6.51994916666667      -0.148618326277760     
   6.51994916666667        6.81621958333333      -0.146142744761288     
   6.51994916666667        7.11249000000000      -0.142490252719116     
   6.81621958333333       2.000000000000000E-003 -0.190107938569359     
   6.81621958333333       0.298270416666667      -0.191196152572180     
   6.81621958333333       0.594540833333333      -0.191479014260531     
   6.81621958333333       0.890811250000000      -0.191082210176531     
   6.81621958333333        1.18708166666667      -0.190266293915118     
   6.81621958333333        1.48335208333333      -0.189352818265652     
   6.81621958333333        1.77962250000000      -0.188445171723562     
   6.81621958333333        2.07589291666667      -0.187520736200683     
   6.81621958333333        2.37216333333333      -0.186480828899577     
   6.81621958333333        2.66843375000000      -0.185171025403825     
   6.81621958333333        2.96470416666667      -0.183449619797384     
   6.81621958333333        3.26097458333333      -0.181170426951248     
   6.81621958333333        3.55724500000000      -0.178241702870562     
   6.81621958333333        3.85351541666667      -0.174694930056455     
   6.81621958333333        4.14978583333333      -0.170712760783708     
   6.81621958333333        4.44605625000000      -0.166568485929131     
   6.81621958333333        4.74232666666667      -0.162508983620307     
   6.81621958333333        5.03859708333333      -0.158652339802207     
   6.81621958333333        5.33486750000000      -0.155108601772594     
   6.81621958333333        5.63113791666667      -0.152054452448129     
   6.81621958333333        5.92740833333333      -0.149584294082184     
   6.81621958333333        6.22367875000000      -0.147678560287722     
   6.81621958333333        6.51994916666667      -0.146142814357790     
   6.81621958333333        6.81621958333333      -0.144039447220933     
   6.81621958333333        7.11249000000000      -0.140339883307078     
   7.11249000000000       2.000000000000000E-003 -0.179542457061016     
   7.11249000000000       0.298270416666667      -0.182934302126789     
   7.11249000000000       0.594540833333333      -0.183465138663004     
   7.11249000000000       0.890811250000000      -0.182618354341316     
   7.11249000000000        1.18708166666667      -0.181493134861701     
   7.11249000000000        1.48335208333333      -0.180383125476849     
   7.11249000000000        1.77962250000000      -0.179353837696440     
   7.11249000000000        2.07589291666667      -0.178379059731797     
   7.11249000000000        2.37216333333333      -0.177384522450027     
   7.11249000000000        2.66843375000000      -0.176226376929227     
   7.11249000000000        2.96470416666667      -0.174779771544411     
   7.11249000000000        3.26097458333333      -0.172915920769222     
   7.11249000000000        3.55724500000000      -0.170543053831181     
   7.11249000000000        3.85351541666667      -0.167662783934142     
   7.11249000000000        4.14978583333333      -0.164397907098786     
   7.11249000000000        4.44605625000000      -0.160943688583642     
   7.11249000000000        4.74232666666667      -0.157486018898883     
   7.11249000000000        5.03859708333333      -0.154150219160334     
   7.11249000000000        5.33486750000000      -0.151096692478104     
   7.11249000000000        5.63113791666667      -0.148450147544863     
   7.11249000000000        5.92740833333333      -0.146229560412217     
   7.11249000000000        6.22367875000000      -0.144305704122236     
   7.11249000000000        6.51994916666667      -0.142490336830858     
   7.11249000000000        6.81621958333333      -0.140339933475532     
   7.11249000000000        7.11249000000000      -0.136705692330367     
