  2.000000000000000E-003  2.000000000000000E-003 -0.252595203252056     
  2.000000000000000E-003  0.298270416666667      -0.262925854562981     
  2.000000000000000E-003  0.594540833333333      -0.267461428689057     
  2.000000000000000E-003  0.890811250000000      -0.267457050530125     
  2.000000000000000E-003   1.18708166666667      -0.266152199320820     
  2.000000000000000E-003   1.48335208333333      -0.264471245324523     
  2.000000000000000E-003   1.77962250000000      -0.262480383361313     
  2.000000000000000E-003   2.07589291666667      -0.260048128893459     
  2.000000000000000E-003   2.37216333333333      -0.257010821338960     
  2.000000000000000E-003   2.66843375000000      -0.253263367886058     
  2.000000000000000E-003   2.96470416666667      -0.248619611727715     
  2.000000000000000E-003   3.26097458333333      -0.243021184346278     
  2.000000000000000E-003   3.55724500000000      -0.236523973070882     
  2.000000000000000E-003   3.85351541666667      -0.229294974712323     
  2.000000000000000E-003   4.14978583333333      -0.221608447549183     
  2.000000000000000E-003   4.44605625000000      -0.213792529372860     
  2.000000000000000E-003   4.74232666666667      -0.206161459228067     
  2.000000000000000E-003   5.03859708333333      -0.198967121224637     
  2.000000000000000E-003   5.33486750000000      -0.192384433768678     
  2.000000000000000E-003   5.63113791666667      -0.186536889554177     
  2.000000000000000E-003   5.92740833333333      -0.181493138023720     
  2.000000000000000E-003   6.22367875000000      -0.177150020177560     
  2.000000000000000E-003   6.51994916666667      -0.172821912456836     
  2.000000000000000E-003   6.81621958333333      -0.166575169932636     
  2.000000000000000E-003   7.11249000000000      -0.159003460764742     
  0.298270416666667       2.000000000000000E-003 -0.271344834070405     
  0.298270416666667       0.298270416666667      -0.274168376373837     
  0.298270416666667       0.594540833333333      -0.278413198261964     
  0.298270416666667       0.890811250000000      -0.281647061389228     
  0.298270416666667        1.18708166666667      -0.282980397682830     
  0.298270416666667        1.48335208333333      -0.283000440467585     
  0.298270416666667        1.77962250000000      -0.281959310347758     
  0.298270416666667        2.07589291666667      -0.279876688286865     
  0.298270416666667        2.37216333333333      -0.276707853362371     
  0.298270416666667        2.66843375000000      -0.272347380864564     
  0.298270416666667        2.96470416666667      -0.266681299092035     
  0.298270416666667        3.26097458333333      -0.259754178821328     
  0.298270416666667        3.55724500000000      -0.251747418821448     
  0.298270416666667        3.85351541666667      -0.242957035101715     
  0.298270416666667        4.14978583333333      -0.233760281713489     
  0.298270416666667        4.44605625000000      -0.224547304995360     
  0.298270416666667        4.74232666666667      -0.215653647647681     
  0.298270416666667        5.03859708333333      -0.207323028721187     
  0.298270416666667        5.33486750000000      -0.199640599440560     
  0.298270416666667        5.63113791666667      -0.192675269901004     
  0.298270416666667        5.92740833333333      -0.186477861862035     
  0.298270416666667        6.22367875000000      -0.180964836290378     
  0.298270416666667        6.51994916666667      -0.175704296021885     
  0.298270416666667        6.81621958333333      -0.169591299768505     
  0.298270416666667        7.11249000000000      -0.161534246865637     
  0.594540833333333       2.000000000000000E-003 -0.286916970773226     
  0.594540833333333       0.298270416666667      -0.292084529925463     
  0.594540833333333       0.594540833333333      -0.294274833153373     
  0.594540833333333       0.890811250000000      -0.298503294053247     
  0.594540833333333        1.18708166666667      -0.302189945871093     
  0.594540833333333        1.48335208333333      -0.304177668213146     
  0.594540833333333        1.77962250000000      -0.304320976020865     
  0.594540833333333        2.07589291666667      -0.302688279185684     
  0.594540833333333        2.37216333333333      -0.299328980264726     
  0.594540833333333        2.66843375000000      -0.294163832325697     
  0.594540833333333        2.96470416666667      -0.287183898650968     
  0.594540833333333        3.26097458333333      -0.278570991808458     
  0.594540833333333        3.55724500000000      -0.268668338327706     
  0.594540833333333        3.85351541666667      -0.257944105941206     
  0.594540833333333        4.14978583333333      -0.246916317342488     
  0.594540833333333        4.44605625000000      -0.236050707187299     
  0.594540833333333        4.74232666666667      -0.225689294873558     
  0.594540833333333        5.03859708333333      -0.216045158799554     
  0.594540833333333        5.33486750000000      -0.207135697806366     
  0.594540833333333        5.63113791666667      -0.198975150480258     
  0.594540833333333        5.92740833333333      -0.191664193221725     
  0.594540833333333        6.22367875000000      -0.185225023160799     
  0.594540833333333        6.51994916666667      -0.179245647423335     
  0.594540833333333        6.81621958333333      -0.172015552425514     
  0.594540833333333        7.11249000000000      -0.162696402350354     
  0.890811250000000       2.000000000000000E-003 -0.300001176260063     
  0.890811250000000       0.298270416666667      -0.309184545535423     
  0.890811250000000       0.594540833333333      -0.314732431089250     
  0.890811250000000       0.890811250000000      -0.320579301193757     
  0.890811250000000        1.18708166666667      -0.326035178206039     
  0.890811250000000        1.48335208333333      -0.329655158372077     
  0.890811250000000        1.77962250000000      -0.330817254406821     
  0.890811250000000        2.07589291666667      -0.329492557857223     
  0.890811250000000        2.37216333333333      -0.325720093317529     
  0.890811250000000        2.66843375000000      -0.319432293474828     
  0.890811250000000        2.96470416666667      -0.310759040810195     
  0.890811250000000        3.26097458333333      -0.300028013185928     
  0.890811250000000        3.55724500000000      -0.287756914170328     
  0.890811250000000        3.85351541666667      -0.274632609121193     
  0.890811250000000        4.14978583333333      -0.261378847562936     
  0.890811250000000        4.44605625000000      -0.248564101421509     
  0.890811250000000        4.74232666666667      -0.236506561549821     
  0.890811250000000        5.03859708333333      -0.225330419174950     
  0.890811250000000        5.33486750000000      -0.215028232682536     
  0.890811250000000        5.63113791666667      -0.205534420754563     
  0.890811250000000        5.92740833333333      -0.196977875462894     
  0.890811250000000        6.22367875000000      -0.189381808129642     
  0.890811250000000        6.51994916666667      -0.182253930396349     
  0.890811250000000        6.81621958333333      -0.174398669694912     
  0.890811250000000        7.11249000000000      -0.165937333683452     
   1.18708166666667       2.000000000000000E-003 -0.313532035598316     
   1.18708166666667       0.298270416666667      -0.326753222904269     
   1.18708166666667       0.594540833333333      -0.337412764179825     
   1.18708166666667       0.890811250000000      -0.346921336698261     
   1.18708166666667        1.18708166666667      -0.354949689266392     
   1.18708166666667        1.48335208333333      -0.360393762002741     
   1.18708166666667        1.77962250000000      -0.362600520636734     
   1.18708166666667        2.07589291666667      -0.361492382520398     
   1.18708166666667        2.37216333333333      -0.357013898857402     
   1.18708166666667        2.66843375000000      -0.349213056011187     
   1.18708166666667        2.96470416666667      -0.338401093671862     
   1.18708166666667        3.26097458333333      -0.325022490083005     
   1.18708166666667        3.55724500000000      -0.309734739245224     
   1.18708166666667        3.85351541666667      -0.293529976966013     
   1.18708166666667        4.14978583333333      -0.277502962453701     
   1.18708166666667        4.44605625000000      -0.262385967137773     
   1.18708166666667        4.74232666666667      -0.248393377650170     
   1.18708166666667        5.03859708333333      -0.235454667522821     
   1.18708166666667        5.33486750000000      -0.223488036830105     
   1.18708166666667        5.63113791666667      -0.212423641350490     
   1.18708166666667        5.92740833333333      -0.202383194688950     
   1.18708166666667        6.22367875000000      -0.193435495477476     
   1.18708166666667        6.51994916666667      -0.185257268447231     
   1.18708166666667        6.81621958333333      -0.177226470437507     
   1.18708166666667        7.11249000000000      -0.169358662669230     
   1.48335208333333       2.000000000000000E-003 -0.328596338453901     
   1.48335208333333       0.298270416666667      -0.346329371865198     
   1.48335208333333       0.594540833333333      -0.362608699891239     
   1.48335208333333       0.890811250000000      -0.377143592934325     
   1.48335208333333        1.18708166666667      -0.388977353313735     
   1.48335208333333        1.48335208333333      -0.397057834207686     
   1.48335208333333        1.77962250000000      -0.400874561038605     
   1.48335208333333        2.07589291666667      -0.400171941060119     
   1.48335208333333        2.37216333333333      -0.394798418211252     
   1.48335208333333        2.66843375000000      -0.385093511658861     
   1.48335208333333        2.96470416666667      -0.371656414273539     
   1.48335208333333        3.26097458333333      -0.354895512972364     
   1.48335208333333        3.55724500000000      -0.335645358102778     
   1.48335208333333        3.85351541666667      -0.315268833892828     
   1.48335208333333        4.14978583333333      -0.295544518295231     
   1.48335208333333        4.44605625000000      -0.277746267153011     
   1.48335208333333        4.74232666666667      -0.261641450637256     
   1.48335208333333        5.03859708333333      -0.246713562479856     
   1.48335208333333        5.33486750000000      -0.232733227695904     
   1.48335208333333        5.63113791666667      -0.219765076808464     
   1.48335208333333        5.92740833333333      -0.207974854190763     
   1.48335208333333        6.22367875000000      -0.197553445402179     
   1.48335208333333        6.51994916666667      -0.188368715140635     
   1.48335208333333        6.81621958333333      -0.180022724115267     
   1.48335208333333        7.11249000000000      -0.172243357992271     
   1.77962250000000       2.000000000000000E-003 -0.345380548011827     
   1.77962250000000       0.298270416666667      -0.368324837062060     
   1.77962250000000       0.594540833333333      -0.390807253235788     
   1.77962250000000       0.890811250000000      -0.411361400501387     
   1.77962250000000        1.18708166666667      -0.428343272500459     
   1.77962250000000        1.48335208333333      -0.440515808235095     
   1.77962250000000        1.77962250000000      -0.447194742894709     
   1.77962250000000        2.07589291666667      -0.447676515652366     
   1.77962250000000        2.37216333333333      -0.441542518817013     
   1.77962250000000        2.66843375000000      -0.428892941979940     
   1.77962250000000        2.96470416666667      -0.411437125113216     
   1.77962250000000        3.26097458333333      -0.390590068859281     
   1.77962250000000        3.55724500000000      -0.366910929502719     
   1.77962250000000        3.85351541666667      -0.341615329413166     
   1.77962250000000        4.14978583333333      -0.317201232430455     
   1.77962250000000        4.44605625000000      -0.295566560209363     
   1.77962250000000        4.74232666666667      -0.276698345340777     
   1.77962250000000        5.03859708333333      -0.259468743215954     
   1.77962250000000        5.33486750000000      -0.243029572566027     
   1.77962250000000        5.63113791666667      -0.227665670151385     
   1.77962250000000        5.92740833333333      -0.213807408500100     
   1.77962250000000        6.22367875000000      -0.201748689138782     
   1.77962250000000        6.51994916666667      -0.191474098238234     
   1.77962250000000        6.81621958333333      -0.182609588675293     
   1.77962250000000        7.11249000000000      -0.174648549149632     
   2.07589291666667       2.000000000000000E-003 -0.363632547319003     
   2.07589291666667       0.298270416666667      -0.392443120142064     
   2.07589291666667       0.594540833333333      -0.421880246053501     
   2.07589291666667       0.890811250000000      -0.449500247432003     
   2.07589291666667        1.18708166666667      -0.473196685374353     
   2.07589291666667        1.48335208333333      -0.491464942992865     
   2.07589291666667        1.77962250000000      -0.503435512307829     
   2.07589291666667        2.07589291666667      -0.507355446986392     
   2.07589291666667        2.37216333333333      -0.499729316588831     
   2.07589291666667        2.66843375000000      -0.482312735646323     
   2.07589291666667        2.96470416666667      -0.459448048735571     
   2.07589291666667        3.26097458333333      -0.434220962066893     
   2.07589291666667        3.55724500000000      -0.405912560852610     
   2.07589291666667        3.85351541666667      -0.374483002833235     
   2.07589291666667        4.14978583333333      -0.344135873011858     
   2.07589291666667        4.44605625000000      -0.318066954029290     
   2.07589291666667        4.74232666666667      -0.295441388576200     
   2.07589291666667        5.03859708333333      -0.274431381255521     
   2.07589291666667        5.33486750000000      -0.254576801931453     
   2.07589291666667        5.63113791666667      -0.236179348590352     
   2.07589291666667        5.92740833333333      -0.219830591549894     
   2.07589291666667        6.22367875000000      -0.205918959546226     
   2.07589291666667        6.51994916666667      -0.194437715785329     
   2.07589291666667        6.81621958333333      -0.184933681703870     
   2.07589291666667        7.11249000000000      -0.176687048436717     
   2.37216333333333       2.000000000000000E-003 -0.382831530139982     
   2.37216333333333       0.298270416666667      -0.418120244439528     
   2.37216333333333       0.594540833333333      -0.455029395369811     
   2.37216333333333       0.890811250000000      -0.490541503865304     
   2.37216333333333        1.18708166666667      -0.522232779182741     
   2.37216333333333        1.48335208333333      -0.549354249397225     
   2.37216333333333        1.77962250000000      -0.571778432642090     
   2.37216333333333        2.07589291666667      -0.580585255606707     
   2.37216333333333        2.37216333333333      -0.571678609809812     
   2.37216333333333        2.66843375000000      -0.547938188037503     
   2.37216333333333        2.96470416666667      -0.517515980258258     
   2.37216333333333        3.26097458333333      -0.488070483343925     
   2.37216333333333        3.55724500000000      -0.455550270009012     
   2.37216333333333        3.85351541666667      -0.415501813605780     
   2.37216333333333        4.14978583333333      -0.377534494671141     
   2.37216333333333        4.44605625000000      -0.347120252658748     
   2.37216333333333        4.74232666666667      -0.319890648637828     
   2.37216333333333        5.03859708333333      -0.292992819359054     
   2.37216333333333        5.33486750000000      -0.267455665265949     
   2.37216333333333        5.63113791666667      -0.245090026133140     
   2.37216333333333        5.92740833333333      -0.225856481072599     
   2.37216333333333        6.22367875000000      -0.209912856849079     
   2.37216333333333        6.51994916666667      -0.197143927565479     
   2.37216333333333        6.81621958333333      -0.186950143943700     
   2.37216333333333        7.11249000000000      -0.178405191060000     
   2.66843375000000       2.000000000000000E-003 -0.401708372728052     
   2.66843375000000       0.298270416666667      -0.443340354937495     
   2.66843375000000       0.594540833333333      -0.487452897595998     
   2.66843375000000       0.890811250000000      -0.530767116664243     
   2.66843375000000        1.18708166666667      -0.571605271749921     
   2.66843375000000        1.48335208333333      -0.611726509612630     
   2.66843375000000        1.77962250000000      -0.648070488787851     
   2.66843375000000        2.07589291666667      -0.665183385188818     
   2.66843375000000        2.37216333333333      -0.658397053299177     
   2.66843375000000        2.66843375000000      -0.628086971848907     
   2.66843375000000        2.96470416666667      -0.585794690314253     
   2.66843375000000        3.26097458333333      -0.551756129426971     
   2.66843375000000        3.55724500000000      -0.517673806420669     
   2.66843375000000        3.85351541666667      -0.464986550713590     
   2.66843375000000        4.14978583333333      -0.420164636468263     
   2.66843375000000        4.44605625000000      -0.387554609197364     
   2.66843375000000        4.74232666666667      -0.353246896427749     
   2.66843375000000        5.03859708333333      -0.316282122026787     
   2.66843375000000        5.33486750000000      -0.281789639906360     
   2.66843375000000        5.63113791666667      -0.253785714171796     
   2.66843375000000        5.92740833333333      -0.231489327431027     
   2.66843375000000        6.22367875000000      -0.213514371503061     
   2.66843375000000        6.51994916666667      -0.199491168780252     
   2.66843375000000        6.81621958333333      -0.188642314934850     
   2.66843375000000        7.11249000000000      -0.179833201114912     
   2.96470416666667       2.000000000000000E-003 -0.417607380848244     
   2.96470416666667       0.298270416666667      -0.464595457770499     
   2.96470416666667       0.594540833333333      -0.514812838511118     
   2.96470416666667       0.890811250000000      -0.565143416659075     
   2.96470416666667        1.18708166666667      -0.615491049565519     
   2.96470416666667        1.48335208333333      -0.672009077894851     
   2.96470416666667        1.77962250000000      -0.721950982995962     
   2.96470416666667        2.07589291666667      -0.751915920033204     
   2.96470416666667        2.37216333333333      -0.755115953588019     
   2.96470416666667        2.66843375000000      -0.724129693998609     
   2.96470416666667        2.96470416666667      -0.665120466711017     
   2.96470416666667        3.26097458333333      -0.617107364549768     
   2.96470416666667        3.55724500000000      -0.585684808513547     
   2.96470416666667        3.85351541666667      -0.521574269339445     
   2.96470416666667        4.14978583333333      -0.484156267692255     
   2.96470416666667        4.44605625000000      -0.449628451470938     
   2.96470416666667        4.74232666666667      -0.398419235200194     
   2.96470416666667        5.03859708333333      -0.343718438127221     
   2.96470416666667        5.33486750000000      -0.296616198806728     
   2.96470416666667        5.63113791666667      -0.261227979496661     
   2.96470416666667        5.92740833333333      -0.236150601694466     
   2.96470416666667        6.22367875000000      -0.216427982857970     
   2.96470416666667        6.51994916666667      -0.201344542761686     
   2.96470416666667        6.81621958333333      -0.189947760801819     
   2.96470416666667        7.11249000000000      -0.180926086519595     
   3.26097458333333       2.000000000000000E-003 -0.428238577135061     
   3.26097458333333       0.298270416666667      -0.478803340402707     
   3.26097458333333       0.594540833333333      -0.533147083006812     
   3.26097458333333       0.890811250000000      -0.588507716983357     
   3.26097458333333        1.18708166666667      -0.646498818287470     
   3.26097458333333        1.48335208333333      -0.715452258359464     
   3.26097458333333        1.77962250000000      -0.777989254390310     
   3.26097458333333        2.07589291666667      -0.821888109468900     
   3.26097458333333        2.37216333333333      -0.841257306875982     
   3.26097458333333        2.66843375000000      -0.824924793755757     
   3.26097458333333        2.96470416666667      -0.766106847389587     
   3.26097458333333        3.26097458333333      -0.685069685121687     
   3.26097458333333        3.55724500000000      -0.631449827497237     
   3.26097458333333        3.85351541666667      -0.603863042467183     
   3.26097458333333        4.14978583333333      -0.596789549205285     
   3.26097458333333        4.44605625000000      -0.533602913874638     
   3.26097458333333        4.74232666666667      -0.447121275244393     
   3.26097458333333        5.03859708333333      -0.369012580842584     
   3.26097458333333        5.33486750000000      -0.308766900499983     
   3.26097458333333        5.63113791666667      -0.266693313180927     
   3.26097458333333        5.92740833333333      -0.239231947731601     
   3.26097458333333        6.22367875000000      -0.218338352642071     
   3.26097458333333        6.51994916666667      -0.202545497386820     
   3.26097458333333        6.81621958333333      -0.190781144186952     
   3.26097458333333        7.11249000000000      -0.181617941927264     
   3.55724500000000       2.000000000000000E-003 -0.431990311327480     
   3.55724500000000       0.298270416666667      -0.483805094272047     
   3.55724500000000       0.594540833333333      -0.539603995517306     
   3.55724500000000       0.890811250000000      -0.596809056125747     
   3.55724500000000        1.18708166666667      -0.657786769845646     
   3.55724500000000        1.48335208333333      -0.731921964806803     
   3.55724500000000        1.77962250000000      -0.798330866088491     
   3.55724500000000        2.07589291666667      -0.849108901854871     
   3.55724500000000        2.37216333333333      -0.877576682244724     
   3.55724500000000        2.66843375000000      -0.875241198695152     
   3.55724500000000        2.96470416666667      -0.837921563762885     
   3.55724500000000        3.26097458333333      -0.768958769108682     
   3.55724500000000        3.55724500000000      -0.641098001068602     
   3.55724500000000        3.85351541666667      -0.699554227491087     
   3.55724500000000        4.14978583333333      -0.685434466915109     
   3.55724500000000        4.44605625000000      -0.581427709787647     
   3.55724500000000        4.74232666666667      -0.470141001850494     
   3.55724500000000        5.03859708333333      -0.379795580712014     
   3.55724500000000        5.33486750000000      -0.313620177871085     
   3.55724500000000        5.63113791666667      -0.268694897082525     
   3.55724500000000        5.92740833333333      -0.240309427669735     
   3.55724500000000        6.22367875000000      -0.219007861122152     
   3.55724500000000        6.51994916666667      -0.202966213992809     
   3.55724500000000        6.81621958333333      -0.191071845845792     
   3.55724500000000        7.11249000000000      -0.181858096923319     
   3.85351541666667       2.000000000000000E-003 -0.428230399403165     
   3.85351541666667       0.298270416666667      -0.478792559931560     
   3.85351541666667       0.594540833333333      -0.533133982276508     
   3.85351541666667       0.890811250000000      -0.588492338722530     
   3.85351541666667        1.18708166666667      -0.646480233281623     
   3.85351541666667        1.48335208333333      -0.715427115476971     
   3.85351541666667        1.77962250000000      -0.777952455358265     
   3.85351541666667        2.07589291666667      -0.821831799979343     
   3.85351541666667        2.37216333333333      -0.841168467480394     
   3.85351541666667        2.66843375000000      -0.824786314211209     
   3.85351541666667        2.96470416666667      -0.765919697506542     
   3.85351541666667        3.26097458333333      -0.684927894841278     
   3.85351541666667        3.55724500000000      -0.631384082007936     
   3.85351541666667        3.85351541666667      -0.603950785903364     
   3.85351541666667        4.14978583333333      -0.597003200701392     
   3.85351541666667        4.44605625000000      -0.533755677368335     
   3.85351541666667        4.74232666666667      -0.447202751216973     
   3.85351541666667        5.03859708333333      -0.369051111124686     
   3.85351541666667        5.33486750000000      -0.308784420588609     
   3.85351541666667        5.63113791666667      -0.266703131548578     
   3.85351541666667        5.92740833333333      -0.239240993408084     
   3.85351541666667        6.22367875000000      -0.218348736837154     
   3.85351541666667        6.51994916666667      -0.202557892946103     
   3.85351541666667        6.81621958333333      -0.190795200750444     
   3.85351541666667        7.11249000000000      -0.181632461029820     
   4.14978583333333       2.000000000000000E-003 -0.417592660706690     
   4.14978583333333       0.298270416666667      -0.464575743553618     
   4.14978583333333       0.594540833333333      -0.514788754428725     
   4.14978583333333       0.890811250000000      -0.565115337488963     
   4.14978583333333        1.18708166666667      -0.615458009051746     
   4.14978583333333        1.48335208333333      -0.671966624510774     
   4.14978583333333        1.77962250000000      -0.721892520631437     
   4.14978583333333        2.07589291666667      -0.751834066001789     
   4.14978583333333        2.37216333333333      -0.755002750565523     
   4.14978583333333        2.66843375000000      -0.723988153213871     
   4.14978583333333        2.96470416666667      -0.664985687994355     
   4.14978583333333        3.26097458333333      -0.617022810673538     
   4.14978583333333        3.55724500000000      -0.585571258542401     
   4.14978583333333        3.85351541666667      -0.521527395544596     
   4.14978583333333        4.14978583333333      -0.484270858212790     
   4.14978583333333        4.44605625000000      -0.449768159381714     
   4.14978583333333        4.74232666666667      -0.398514922969450     
   4.14978583333333        5.03859708333333      -0.343771362285694     
   4.14978583333333        5.33486750000000      -0.296644087136984     
   4.14978583333333        5.63113791666667      -0.261246605702016     
   4.14978583333333        5.92740833333333      -0.236169105926017     
   4.14978583333333        6.22367875000000      -0.216449113654998     
   4.14978583333333        6.51994916666667      -0.201369240919108     
   4.14978583333333        6.81621958333333      -0.189975039669763     
   4.14978583333333        7.11249000000000      -0.180953606816898     
   4.44605625000000       2.000000000000000E-003 -0.401690246793189     
   4.44605625000000       0.298270416666667      -0.443314893107397     
   4.44605625000000       0.594540833333333      -0.487421228321024     
   4.44605625000000       0.890811250000000      -0.530730447633494     
   4.44605625000000        1.18708166666667      -0.571563655938579     
   4.44605625000000        1.48335208333333      -0.611677230241433     
   4.44605625000000        1.77962250000000      -0.648008358270298     
   4.44605625000000        2.07589291666667      -0.665106643278227     
   4.44605625000000        2.37216333333333      -0.658309216277811     
   4.44605625000000        2.66843375000000      -0.628003695647050     
   4.44605625000000        2.96470416666667      -0.585741075597215     
   4.44605625000000        3.26097458333333      -0.551725158404688     
   4.44605625000000        3.55724500000000      -0.517613623191970     
   4.44605625000000        3.85351541666667      -0.464938249617131     
   4.44605625000000        4.14978583333333      -0.420196737937753     
   4.44605625000000        4.44605625000000      -0.387631471311050     
   4.44605625000000        4.74232666666667      -0.353317663809340     
   4.44605625000000        5.03859708333333      -0.316330846841521     
   4.44605625000000        5.33486750000000      -0.281822103066527     
   4.44605625000000        5.63113791666667      -0.253813235785689     
   4.44605625000000        5.92740833333333      -0.231518134607683     
   4.44605625000000        6.22367875000000      -0.213547077694423     
   4.44605625000000        6.51994916666667      -0.199528129336973     
   4.44605625000000        6.81621958333333      -0.188681477436084     
   4.44605625000000        7.11249000000000      -0.179870956124807     
   4.74232666666667       2.000000000000000E-003 -0.382814714796789     
   4.74232666666667       0.298270416666667      -0.418093190876798     
   4.74232666666667       0.594540833333333      -0.454993871698128     
   4.74232666666667       0.890811250000000      -0.490500216990257     
   4.74232666666667        1.18708166666667      -0.522187636494682     
   4.74232666666667        1.48335208333333      -0.549305359420776     
   4.74232666666667        1.77962250000000      -0.571723790403269     
   4.74232666666667        2.07589291666667      -0.580527059863024     
   4.74232666666667        2.37216333333333      -0.571625352778278     
   4.74232666666667        2.66843375000000      -0.547904277975756     
   4.74232666666667        2.96470416666667      -0.517511685812609     
   4.74232666666667        3.26097458333333      -0.488082102407034     
   4.74232666666667        3.55724500000000      -0.455550711357690     
   4.74232666666667        3.85351541666667      -0.415499963175056     
   4.74232666666667        4.14978583333333      -0.377558662264404     
   4.74232666666667        4.44605625000000      -0.347168120886117     
   4.74232666666667        4.74232666666667      -0.319941938615262     
   4.74232666666667        5.03859708333333      -0.293036171976635     
   4.74232666666667        5.33486750000000      -0.267492626268916     
   4.74232666666667        5.63113791666667      -0.245126976247853     
   4.74232666666667        5.92740833333333      -0.225896822049396     
   4.74232666666667        6.22367875000000      -0.209958398471137     
   4.74232666666667        6.51994916666667      -0.197193444009726     
   4.74232666666667        6.81621958333333      -0.186999532246025     
   4.74232666666667        7.11249000000000      -0.178449322224486     
   5.03859708333333       2.000000000000000E-003 -0.363624652850093     
   5.03859708333333       0.298270416666667      -0.392419749395016     
   5.03859708333333       0.594540833333333      -0.421844338539290     
   5.03859708333333       0.890811250000000      -0.449457113197012     
   5.03859708333333        1.18708166666667      -0.473151184308478     
   5.03859708333333        1.48335208333333      -0.491419621826755     
   5.03859708333333        1.77962250000000      -0.503391597145029     
   5.03859708333333        2.07589291666667      -0.507315580920294     
   5.03859708333333        2.37216333333333      -0.499701655350120     
   5.03859708333333        2.66843375000000      -0.482307094811951     
   5.03859708333333        2.96470416666667      -0.459468227195928     
   5.03859708333333        3.26097458333333      -0.434257461322472     
   5.03859708333333        3.55724500000000      -0.405949998509859     
   5.03859708333333        3.85351541666667      -0.374518213498427     
   5.03859708333333        4.14978583333333      -0.344175827633543     
   5.03859708333333        4.44605625000000      -0.318112985373514     
   5.03859708333333        4.74232666666667      -0.295487966883180     
   5.03859708333333        5.03859708333333      -0.274475145701568     
   5.03859708333333        5.33486750000000      -0.254620060523059     
   5.03859708333333        5.63113791666667      -0.236225718882690     
   5.03859708333333        5.92740833333333      -0.219883321000643     
   5.03859708333333        6.22367875000000      -0.205978822673051     
   5.03859708333333        6.51994916666667      -0.194500649264977     
   5.03859708333333        6.81621958333333      -0.184991399746853     
   5.03859708333333        7.11249000000000      -0.176731781197310     
   5.33486750000000       2.000000000000000E-003 -0.345387427158875     
   5.33486750000000       0.298270416666667      -0.368306585720204     
   5.33486750000000       0.594540833333333      -0.390769816872308     
   5.33486750000000       0.890811250000000      -0.411316582561394     
   5.33486750000000        1.18708166666667      -0.428299344716576     
   5.33486750000000        1.48335208333333      -0.440475473541112     
   5.33486750000000        1.77962250000000      -0.447159907075212     
   5.33486750000000        2.07589291666667      -0.447649893884045     
   5.33486750000000        2.37216333333333      -0.441529409357310     
   5.33486750000000        2.66843375000000      -0.428899881927764     
   5.33486750000000        2.96470416666667      -0.411466092100772     
   5.33486750000000        3.26097458333333      -0.390635722565060     
   5.33486750000000        3.55724500000000      -0.366963623741399     
   5.33486750000000        3.85351541666667      -0.341668897940598     
   5.33486750000000        4.14978583333333      -0.317253741737471     
   5.33486750000000        4.44605625000000      -0.295617291893572     
   5.33486750000000        4.74232666666667      -0.276746330877381     
   5.33486750000000        5.03859708333333      -0.259514969395358     
   5.33486750000000        5.33486750000000      -0.243077204781033     
   5.33486750000000        5.63113791666667      -0.227719252408546     
   5.33486750000000        5.92740833333333      -0.213871425731326     
   5.33486750000000        6.22367875000000      -0.201823857596702     
   5.33486750000000        6.51994916666667      -0.191551732586140     
   5.33486750000000        6.81621958333333      -0.182673427402164     
   5.33486750000000        7.11249000000000      -0.174685797460530     
   5.63113791666667       2.000000000000000E-003 -0.328622881837301     
   5.63113791666667       0.298270416666667      -0.346311810692062     
   5.63113791666667       0.594540833333333      -0.362562055211528     
   5.63113791666667       0.890811250000000      -0.377092821388289     
   5.63113791666667        1.18708166666667      -0.388935363711220     
   5.63113791666667        1.48335208333333      -0.397025231650929     
   5.63113791666667        1.77962250000000      -0.400848796130511     
   5.63113791666667        2.07589291666667      -0.400154396218970     
   5.63113791666667        2.37216333333333      -0.394792507628017     
   5.63113791666667        2.66843375000000      -0.385103502122238     
   5.63113791666667        2.96470416666667      -0.371684618283811     
   5.63113791666667        3.26097458333333      -0.354939317308401     
   5.63113791666667        3.55724500000000      -0.335698740965767     
   5.63113791666667        3.85351541666667      -0.315325240549768     
   5.63113791666667        4.14978583333333      -0.295599539116605     
   5.63113791666667        4.44605625000000      -0.277797347564384     
   5.63113791666667        4.74232666666667      -0.261688631427010     
   5.63113791666667        5.03859708333333      -0.246758450490916     
   5.63113791666667        5.33486750000000      -0.232779381478665     
   5.63113791666667        5.63113791666667      -0.219818718905238     
   5.63113791666667        5.92740833333333      -0.208044702998304     
   5.63113791666667        6.22367875000000      -0.197642242762392     
   5.63113791666667        6.51994916666667      -0.188462814080558     
   5.63113791666667        6.81621958333333      -0.180091426803223     
   5.63113791666667        7.11249000000000      -0.172262381261309     
   5.92740833333333       2.000000000000000E-003 -0.313581363129609     
   5.92740833333333       0.298270416666667      -0.326723958121091     
   5.92740833333333       0.594540833333333      -0.337345687488472     
   5.92740833333333       0.890811250000000      -0.346864735856513     
   5.92740833333333        1.18708166666667      -0.354915995219313     
   5.92740833333333        1.48335208333333      -0.360374837938610     
   5.92740833333333        1.77962250000000      -0.362587646862738     
   5.92740833333333        2.07589291666667      -0.361483673505005     
   5.92740833333333        2.37216333333333      -0.357012727435465     
   5.92740833333333        2.66843375000000      -0.349223112568455     
   5.92740833333333        2.96470416666667      -0.338424685621802     
   5.92740833333333        3.26097458333333      -0.325059057953974     
   5.92740833333333        3.55724500000000      -0.309780887471336     
   5.92740833333333        3.85351541666667      -0.293580670297788     
   5.92740833333333        4.14978583333333      -0.277553383395190     
   5.92740833333333        4.44605625000000      -0.262432849334262     
   5.92740833333333        4.74232666666667      -0.248435234700022     
   5.92740833333333        5.03859708333333      -0.235491727259095     
   5.92740833333333        5.33486750000000      -0.223522471099589     
   5.92740833333333        5.63113791666667      -0.212464365422429     
   5.92740833333333        5.92740833333333      -0.202444448971491     
   5.92740833333333        6.22367875000000      -0.193528080879819     
   5.92740833333333        6.51994916666667      -0.185368248766997     
   5.92740833333333        6.81621958333333      -0.177301942709229     
   5.92740833333333        7.11249000000000      -0.169346396059768     
   6.22367875000000       2.000000000000000E-003 -0.300071123239027     
   6.22367875000000       0.298270416666667      -0.309119353583466     
   6.22367875000000       0.594540833333333      -0.314642923944615     
   6.22367875000000       0.890811250000000      -0.320538699233399     
   6.22367875000000        1.18708166666667      -0.326032300000991     
   6.22367875000000        1.48335208333333      -0.329663883785338     
   6.22367875000000        1.77962250000000      -0.330823797596997     
   6.22367875000000        2.07589291666667      -0.329495204346841     
   6.22367875000000        2.37216333333333      -0.325723871249313     
   6.22367875000000        2.66843375000000      -0.319442468463983     
   6.22367875000000        2.96470416666667      -0.310778919966120     
   6.22367875000000        3.26097458333333      -0.300058448328873     
   6.22367875000000        3.55724500000000      -0.287795999479689     
   6.22367875000000        3.85351541666667      -0.274676339199793     
   6.22367875000000        4.14978583333333      -0.261422500182828     
   6.22367875000000        4.44605625000000      -0.248603491988467     
   6.22367875000000        4.74232666666667      -0.236538645047447     
   6.22367875000000        5.03859708333333      -0.225352707450979     
   6.22367875000000        5.33486750000000      -0.215040159336709     
   6.22367875000000        5.63113791666667      -0.205544254969930     
   6.22367875000000        5.92740833333333      -0.197003240126747     
   6.22367875000000        6.22367875000000      -0.189448482136772     
   6.22367875000000        6.51994916666667      -0.182370618953997     
   6.22367875000000        6.81621958333333      -0.174490992971745     
   6.22367875000000        7.11249000000000      -0.165884197284838     
   6.51994916666667       2.000000000000000E-003 -0.286980406810801     
   6.51994916666667       0.298270416666667      -0.291963235735985     
   6.51994916666667       0.594540833333333      -0.294220468023469     
   6.51994916666667       0.890811250000000      -0.298544045086046     
   6.51994916666667        1.18708166666667      -0.302255691835128     
   6.51994916666667        1.48335208333333      -0.304230707892116     
   6.51994916666667        1.77962250000000      -0.304353422735904     
   6.51994916666667        2.07589291666667      -0.302704936237634     
   6.51994916666667        2.37216333333333      -0.299338906345052     
   6.51994916666667        2.66843375000000      -0.294174864870510     
   6.51994916666667        2.96470416666667      -0.287200843871170     
   6.51994916666667        3.26097458333333      -0.278595927259982     
   6.51994916666667        3.55724500000000      -0.268700462384764     
   6.51994916666667        3.85351541666667      -0.257980145816728     
   6.51994916666667        4.14978583333333      -0.246951711876216     
   6.51994916666667        4.44605625000000      -0.236080717849187     
   6.51994916666667        4.74232666666667      -0.225709331263346     
   6.51994916666667        5.03859708333333      -0.216048900864177     
   6.51994916666667        5.33486750000000      -0.207119297725928     
   6.51994916666667        5.63113791666667      -0.198940489199992     
   6.51994916666667        5.92740833333333      -0.191622027420074     
   6.51994916666667        6.22367875000000      -0.185207839906755     
   6.51994916666667        6.51994916666667      -0.179311758749162     
   6.51994916666667        6.81621958333333      -0.172140810962757     
   6.51994916666667        7.11249000000000      -0.162631698940597     
   6.81621958333333       2.000000000000000E-003 -0.271330661599216     
   6.81621958333333       0.298270416666667      -0.274102671949382     
   6.81621958333333       0.594540833333333      -0.278556617134417     
   6.81621958333333       0.890811250000000      -0.281837976568704     
   6.81621958333333        1.18708166666667      -0.283131039118411     
   6.81621958333333        1.48335208333333      -0.283099228663163     
   6.81621958333333        1.77962250000000      -0.282016769492151     
   6.81621958333333        2.07589291666667      -0.279907108225479     
   6.81621958333333        2.37216333333333      -0.276724709219648     
   6.81621958333333        2.66843375000000      -0.272360637904705     
   6.81621958333333        2.96470416666667      -0.266696941164507     
   6.81621958333333        3.26097458333333      -0.259775107527231     
   6.81621958333333        3.55724500000000      -0.251773652945870     
   6.81621958333333        3.85351541666667      -0.242986015104031     
   6.81621958333333        4.14978583333333      -0.233787870740750     
   6.81621958333333        4.44605625000000      -0.224568653518374     
   6.81621958333333        4.74232666666667      -0.215663120246308     
   6.81621958333333        5.03859708333333      -0.207311943195189     
   6.81621958333333        5.33486750000000      -0.199601646361357     
   6.81621958333333        5.63113791666667      -0.192602831869039     
   6.81621958333333        5.92740833333333      -0.186368342952083     
   6.81621958333333        6.22367875000000      -0.180828727648207     
   6.81621958333333        6.51994916666667      -0.175608918183697     
   6.81621958333333        6.81621958333333      -0.169681371549047     
   6.81621958333333        7.11249000000000      -0.161574132296730     
   7.11249000000000       2.000000000000000E-003 -0.252529666500020     
   7.11249000000000       0.298270416666667      -0.263061990832244     
   7.11249000000000       0.594540833333333      -0.267755177977117     
   7.11249000000000       0.890811250000000      -0.267718888211964     
   7.11249000000000        1.18708166666667      -0.266336266196531     
   7.11249000000000        1.48335208333333      -0.264588788137870     
   7.11249000000000        1.77962250000000      -0.262550572140078     
   7.11249000000000        2.07589291666667      -0.260088048848777     
   7.11249000000000        2.37216333333333      -0.257034265659195     
   7.11249000000000        2.66843375000000      -0.253280546337299     
   7.11249000000000        2.96470416666667      -0.248636488690944     
   7.11249000000000        3.26097458333333      -0.243040918541956     
   7.11249000000000        3.55724500000000      -0.236547083734191     
   7.11249000000000        3.85351541666667      -0.229319502780248     
   7.11249000000000        4.14978583333333      -0.221630838495753     
   7.11249000000000        4.44605625000000      -0.213808376900212     
   7.11249000000000        4.74232666666667      -0.206165233186460     
   7.11249000000000        5.03859708333333      -0.198950268205415     
   7.11249000000000        5.33486750000000      -0.192340008034083     
   7.11249000000000        5.63113791666667      -0.186457856190043     
   7.11249000000000        5.92740833333333      -0.181372909973563     
   7.11249000000000        6.22367875000000      -0.176988363658614     
   7.11249000000000        6.51994916666667      -0.172657386355196     
   7.11249000000000        6.81621958333333      -0.166538499684600     
   7.11249000000000        7.11249000000000      -0.159115428184629     
