  2.000000000000000E-003  2.000000000000000E-003 -0.285480670475449     
  2.000000000000000E-003  0.298270416666667      -0.286008952419871     
  2.000000000000000E-003  0.594540833333333      -0.278752515456368     
  2.000000000000000E-003  0.890811250000000      -0.268282534329457     
  2.000000000000000E-003   1.18708166666667      -0.257256913710707     
  2.000000000000000E-003   1.48335208333333      -0.246549922241406     
  2.000000000000000E-003   1.77962250000000      -0.236501523019985     
  2.000000000000000E-003   2.07589291666667      -0.227204420688247     
  2.000000000000000E-003   2.37216333333333      -0.218633622807825     
  2.000000000000000E-003   2.66843375000000      -0.210710108440362     
  2.000000000000000E-003   2.96470416666667      -0.203255329322712     
  2.000000000000000E-003   3.26097458333333      -0.196103917822182     
  2.000000000000000E-003   3.55724500000000      -0.189126963775600     
  2.000000000000000E-003   3.85351541666667      -0.182270626713969     
  2.000000000000000E-003   4.14978583333333      -0.175581465956974     
  2.000000000000000E-003   4.44605625000000      -0.169179597463875     
  2.000000000000000E-003   4.74232666666667      -0.163205872671896     
  2.000000000000000E-003   5.03859708333333      -0.157775243242419     
  2.000000000000000E-003   5.33486750000000      -0.152955733393243     
  2.000000000000000E-003   5.63113791666667      -0.148757647180419     
  2.000000000000000E-003   5.92740833333333      -0.145145392226949     
  2.000000000000000E-003   6.22367875000000      -0.141997818580893     
  2.000000000000000E-003   6.51994916666667      -0.139000127035219     
  2.000000000000000E-003   6.81621958333333      -0.135364522699142     
  2.000000000000000E-003   7.11249000000000      -0.130896633533766     
  0.298270416666667       2.000000000000000E-003 -0.309514101467206     
  0.298270416666667       0.298270416666667      -0.303653922727983     
  0.298270416666667       0.594540833333333      -0.295396212746806     
  0.298270416666667       0.890811250000000      -0.285197836007915     
  0.298270416666667        1.18708166666667      -0.273601806603889     
  0.298270416666667        1.48335208333333      -0.261798015653574     
  0.298270416666667        1.77962250000000      -0.250448763822812     
  0.298270416666667        2.07589291666667      -0.239793141472285     
  0.298270416666667        2.37216333333333      -0.229896897289634     
  0.298270416666667        2.66843375000000      -0.220765369331523     
  0.298270416666667        2.96470416666667      -0.212196984238421     
  0.298270416666667        3.26097458333333      -0.204017911439709     
  0.298270416666667        3.55724500000000      -0.196104438400672     
  0.298270416666667        3.85351541666667      -0.188409869497098     
  0.298270416666667        4.14978583333333      -0.180978484080090     
  0.298270416666667        4.44605625000000      -0.173919571890937     
  0.298270416666667        4.74232666666667      -0.167360835394013     
  0.298270416666667        5.03859708333333      -0.161406551779902     
  0.298270416666667        5.33486750000000      -0.156104724370544     
  0.298270416666667        5.63113791666667      -0.151454117762052     
  0.298270416666667        5.92740833333333      -0.147402783642926     
  0.298270416666667        6.22367875000000      -0.143798736410827     
  0.298270416666667        6.51994916666667      -0.140278858984647     
  0.298270416666667        6.81621958333333      -0.136272948704438     
  0.298270416666667        7.11249000000000      -0.132588058889682     
  0.594540833333333       2.000000000000000E-003 -0.329393647953805     
  0.594540833333333       0.298270416666667      -0.323556288895428     
  0.594540833333333       0.594540833333333      -0.313468497506297     
  0.594540833333333       0.890811250000000      -0.302491839760547     
  0.594540833333333        1.18708166666667      -0.290271068666063     
  0.594540833333333        1.48335208333333      -0.277482221630331     
  0.594540833333333        1.77962250000000      -0.264886745127407     
  0.594540833333333        2.07589291666667      -0.252881496019895     
  0.594540833333333        2.37216333333333      -0.241663681959538     
  0.594540833333333        2.66843375000000      -0.231266321237866     
  0.594540833333333        2.96470416666667      -0.221498530801892     
  0.594540833333333        3.26097458333333      -0.212198359802947     
  0.594540833333333        3.55724500000000      -0.203257003896069     
  0.594540833333333        3.85351541666667      -0.194642372130295     
  0.594540833333333        4.14978583333333      -0.186400474715378     
  0.594540833333333        4.44605625000000      -0.178627801580170     
  0.594540833333333        4.74232666666667      -0.171431400987564     
  0.594540833333333        5.03859708333333      -0.164891969557397     
  0.594540833333333        5.33486750000000      -0.159040595351518     
  0.594540833333333        5.63113791666667      -0.153849829451928     
  0.594540833333333        5.92740833333333      -0.149248957173520     
  0.594540833333333        6.22367875000000      -0.145065172715125     
  0.594540833333333        6.51994916666667      -0.140988184920879     
  0.594540833333333        6.81621958333333      -0.136853201010869     
  0.594540833333333        7.11249000000000      -0.133314523658708     
  0.890811250000000       2.000000000000000E-003 -0.350087407751033     
  0.890811250000000       0.298270416666667      -0.345487462411818     
  0.890811250000000       0.594540833333333      -0.335061137118923     
  0.890811250000000       0.890811250000000      -0.322423978653007     
  0.890811250000000        1.18708166666667      -0.308623003002564     
  0.890811250000000        1.48335208333333      -0.294313129434960     
  0.890811250000000        1.77962250000000      -0.280169667177153     
  0.890811250000000        2.07589291666667      -0.266659107828448     
  0.890811250000000        2.37216333333333      -0.254055833170960     
  0.890811250000000        2.66843375000000      -0.242313626291013     
  0.890811250000000        2.96470416666667      -0.231269971516136     
  0.890811250000000        3.26097458333333      -0.220769950017690     
  0.890811250000000        3.55724500000000      -0.210714228339731     
  0.890811250000000        3.85351541666667      -0.201089286074736     
  0.890811250000000        4.14978583333333      -0.191954326629848     
  0.890811250000000        4.44605625000000      -0.183398839153892     
  0.890811250000000        4.74232666666667      -0.175504651877561     
  0.890811250000000        5.03859708333333      -0.168324618357306     
  0.890811250000000        5.33486750000000      -0.161868745027604     
  0.890811250000000        5.63113791666667      -0.156099135723468     
  0.890811250000000        5.92740833333333      -0.150946412887972     
  0.890811250000000        6.22367875000000      -0.146270332865255     
  0.890811250000000        6.51994916666667      -0.141887090780166     
  0.890811250000000        6.81621958333333      -0.137755480596117     
  0.890811250000000        7.11249000000000      -0.134071307265476     
   1.18708166666667       2.000000000000000E-003 -0.373705096573757     
   1.18708166666667       0.298270416666667      -0.369676048581707     
   1.18708166666667       0.594540833333333      -0.359223048411190     
   1.18708166666667       0.890811250000000      -0.345120962599382     
   1.18708166666667        1.18708166666667      -0.329267043799852     
   1.18708166666667        1.48335208333333      -0.312835030148068     
   1.18708166666667        1.77962250000000      -0.296697276122725     
   1.18708166666667        2.07589291666667      -0.281444511581665     
   1.18708166666667        2.37216333333333      -0.267264310194223     
   1.18708166666667        2.66843375000000      -0.254063259156689     
   1.18708166666667        2.96470416666667      -0.241674424901078     
   1.18708166666667        3.26097458333333      -0.229907456760286     
   1.18708166666667        3.55724500000000      -0.218641924263867     
   1.18708166666667        3.85351541666667      -0.207887678526196     
   1.18708166666667        4.14978583333333      -0.197747434199940     
   1.18708166666667        4.44605625000000      -0.188323222388172     
   1.18708166666667        4.74232666666667      -0.179667400123079     
   1.18708166666667        5.03859708333333      -0.171794515345230     
   1.18708166666667        5.33486750000000      -0.164695702041617     
   1.18708166666667        5.63113791666667      -0.158341094021786     
   1.18708166666667        5.92740833333333      -0.152676068167914     
   1.18708166666667        6.22367875000000      -0.147602583675444     
   1.18708166666667        6.51994916666667      -0.142990836628620     
   1.18708166666667        6.81621958333333      -0.138753101082052     
   1.18708166666667        7.11249000000000      -0.134849178267564     
   1.48335208333333       2.000000000000000E-003 -0.400931314954165     
   1.48335208333333       0.298270416666667      -0.396982137933476     
   1.48335208333333       0.594540833333333      -0.386060299630317     
   1.48335208333333       0.890811250000000      -0.370449973711476     
   1.48335208333333        1.18708166666667      -0.352255436533892     
   1.48335208333333        1.48335208333333      -0.333250393141394     
   1.48335208333333        1.77962250000000      -0.314761334808814     
   1.48335208333333        2.07589291666667      -0.297463314921927     
   1.48335208333333        2.37216333333333      -0.281456309277743     
   1.48335208333333        2.66843375000000      -0.266678688612186     
   1.48335208333333        2.96470416666667      -0.252903584742885     
   1.48335208333333        3.26097458333333      -0.239812889541068     
   1.48335208333333        3.55724500000000      -0.227218740192320     
   1.48335208333333        3.85351541666667      -0.215154662010095     
   1.48335208333333        4.14978583333333      -0.203825045351162     
   1.48335208333333        4.44605625000000      -0.193423850892434     
   1.48335208333333        4.74232666666667      -0.183948834209125     
   1.48335208333333        5.03859708333333      -0.175343579416771     
   1.48335208333333        5.33486750000000      -0.167576511993806     
   1.48335208333333        5.63113791666667      -0.160631084500466     
   1.48335208333333        5.92740833333333      -0.154473722506884     
   1.48335208333333        6.22367875000000      -0.149033622857315     
   1.48335208333333        6.51994916666667      -0.144176548550593     
   1.48335208333333        6.81621958333333      -0.139746261419666     
   1.48335208333333        7.11249000000000      -0.135612088392881     
   1.77962250000000       2.000000000000000E-003 -0.431933295118561     
   1.77962250000000       0.298270416666667      -0.427788786615494     
   1.77962250000000       0.594540833333333      -0.415844395436866     
   1.77962250000000       0.890811250000000      -0.398244973786519     
   1.77962250000000        1.18708166666667      -0.377393178977178     
   1.77962250000000        1.48335208333333      -0.355572700054274     
   1.77962250000000        1.77962250000000      -0.334483691518419     
   1.77962250000000        2.07589291666667      -0.314777147311538     
   1.77962250000000        2.37216333333333      -0.296724975800923     
   1.77962250000000        2.66843375000000      -0.280203999527917     
   1.77962250000000        2.96470416666667      -0.264921877244038     
   1.77962250000000        3.26097458333333      -0.250479248143334     
   1.77962250000000        3.55724500000000      -0.236523794385961     
   1.77962250000000        3.85351541666667      -0.223047236644695     
   1.77962250000000        4.14978583333333      -0.210344615923113     
   1.77962250000000        4.44605625000000      -0.198733606314528     
   1.77962250000000        4.74232666666667      -0.188304031380596     
   1.77962250000000        5.03859708333333      -0.178941836761897     
   1.77962250000000        5.33486750000000      -0.170486911883293     
   1.77962250000000        5.63113791666667      -0.162940060781652     
   1.77962250000000        5.92740833333333      -0.156297473168294     
   1.77962250000000        6.22367875000000      -0.150495203154637     
   1.77962250000000        6.51994916666667      -0.145376375691512     
   1.77962250000000        6.81621958333333      -0.140735284368413     
   1.77962250000000        7.11249000000000      -0.136393139555629     
   2.07589291666667       2.000000000000000E-003 -0.466254883059227     
   2.07589291666667       0.298270416666667      -0.461477656959014     
   2.07589291666667       0.594540833333333      -0.448163138798869     
   2.07589291666667       0.890811250000000      -0.428148650343820     
   2.07589291666667        1.18708166666667      -0.404528103030484     
   2.07589291666667        1.48335208333333      -0.379707567560014     
   2.07589291666667        1.77962250000000      -0.355591602296783     
   2.07589291666667        2.07589291666667      -0.333286487504485     
   2.07589291666667        2.37216333333333      -0.312880191914999     
   2.07589291666667        2.66843375000000      -0.294363698226672     
   2.07589291666667        2.96470416666667      -0.277533679665348     
   2.07589291666667        3.26097458333333      -0.261842792500245     
   2.07589291666667        3.55724500000000      -0.246583309122876     
   2.07589291666667        3.85351541666667      -0.231566962230875     
   2.07589291666667        4.14978583333333      -0.217302424122979     
   2.07589291666667        4.44605625000000      -0.204331121721881     
   2.07589291666667        4.74232666666667      -0.192775059890921     
   2.07589291666667        5.03859708333333      -0.182507579465980     
   2.07589291666667        5.33486750000000      -0.173348551586997     
   2.07589291666667        5.63113791666667      -0.165199005763971     
   2.07589291666667        5.92740833333333      -0.158073699171311     
   2.07589291666667        6.22367875000000      -0.151916029510381     
   2.07589291666667        6.51994916666667      -0.146546091562664     
   2.07589291666667        6.81621958333333      -0.141716913710200     
   2.07589291666667        7.11249000000000      -0.137204130614244     
   2.37216333333333       2.000000000000000E-003 -0.503024666940372     
   2.37216333333333       0.298270416666667      -0.497781359977209     
   2.37216333333333       0.594540833333333      -0.482795948867098     
   2.37216333333333       0.890811250000000      -0.460220630367784     
   2.37216333333333        1.18708166666667      -0.433057302285689     
   2.37216333333333        1.48335208333333      -0.404545174616893     
   2.37216333333333        1.77962250000000      -0.377430395524098     
   2.37216333333333        2.07589291666667      -0.352311239297827     
   2.37216333333333        2.37216333333333      -0.329328506494711     
   2.37216333333333        2.66843375000000      -0.308688554165330     
   2.37216333333333        2.96470416666667      -0.290337916412821     
   2.37216333333333        3.26097458333333      -0.273665942196576     
   2.37216333333333        3.55724500000000      -0.257302748787408     
   2.37216333333333        3.85351541666667      -0.240584274786199     
   2.37216333333333        4.14978583333333      -0.224530738438576     
   2.37216333333333        4.44605625000000      -0.210088251821980     
   2.37216333333333        4.74232666666667      -0.197283734349951     
   2.37216333333333        5.03859708333333      -0.185953752688989     
   2.37216333333333        5.33486750000000      -0.176013466439030     
   2.37216333333333        5.63113791666667      -0.167307745483196     
   2.37216333333333        5.92740833333333      -0.159729116529179     
   2.37216333333333        6.22367875000000      -0.153232119860828     
   2.37216333333333        6.51994916666667      -0.147636497638403     
   2.37216333333333        6.81621958333333      -0.142654525612763     
   2.37216333333333        7.11249000000000      -0.138021076182819     
   2.66843375000000       2.000000000000000E-003 -0.541194121393342     
   2.66843375000000       0.298270416666667      -0.535132469074507     
   2.66843375000000       0.594540833333333      -0.517737356682494     
   2.66843375000000       0.890811250000000      -0.491520882696209     
   2.66843375000000        1.18708166666667      -0.460230598781564     
   2.66843375000000        1.48335208333333      -0.428185330659186     
   2.66843375000000        1.77962250000000      -0.398308122355461     
   2.66843375000000        2.07589291666667      -0.370526720419724     
   2.66843375000000        2.37216333333333      -0.345199824581795     
   2.66843375000000        2.66843375000000      -0.322502284512932     
   2.66843375000000        2.96470416666667      -0.302572564309012     
   2.66843375000000        3.26097458333333      -0.285280228460276     
   2.66843375000000        3.55724500000000      -0.268340544707899     
   2.66843375000000        3.85351541666667      -0.249732926453704     
   2.66843375000000        4.14978583333333      -0.231837512391518     
   2.66843375000000        4.44605625000000      -0.215992365705541     
   2.66843375000000        4.74232666666667      -0.201788826179682     
   2.66843375000000        5.03859708333333      -0.189181938518788     
   2.66843375000000        5.33486750000000      -0.178321841737509     
   2.66843375000000        5.63113791666667      -0.169113877063546     
   2.66843375000000        5.92740833333333      -0.161182520512264     
   2.66843375000000        6.22367875000000      -0.154398949965639     
   2.66843375000000        6.51994916666667      -0.148603525367523     
   2.66843375000000        6.81621958333333      -0.143495609946410     
   2.66843375000000        7.11249000000000      -0.138773434757252     
   2.96470416666667       2.000000000000000E-003 -0.574267312772976     
   2.96470416666667       0.298270416666667      -0.567313800432516     
   2.96470416666667       0.594540833333333      -0.547447056366720     
   2.96470416666667       0.890811250000000      -0.517745552116725     
   2.96470416666667        1.18708166666667      -0.482816207055816     
   2.96470416666667        1.48335208333333      -0.448227782519305     
   2.96470416666667        1.77962250000000      -0.415908884449649     
   2.96470416666667        2.07589291666667      -0.386149771353039     
   2.96470416666667        2.37216333333333      -0.359316217564553     
   2.96470416666667        2.66843375000000      -0.335156492557555     
   2.96470416666667        2.96470416666667      -0.313557033488681     
   2.96470416666667        3.26097458333333      -0.295490445433855     
   2.96470416666667        3.55724500000000      -0.278821412730517     
   2.96470416666667        3.85351541666667      -0.258386804289678     
   2.96470416666667        4.14978583333333      -0.239430881063945     
   2.96470416666667        4.44605625000000      -0.222307826725709     
   2.96470416666667        4.74232666666667      -0.206271030760450     
   2.96470416666667        5.03859708333333      -0.192070094787347     
   2.96470416666667        5.33486750000000      -0.180165703585950     
   2.96470416666667        5.63113791666667      -0.170449900214959     
   2.96470416666667        5.92740833333333      -0.162320434270494     
   2.96470416666667        6.22367875000000      -0.155339206324111     
   2.96470416666667        6.51994916666667      -0.149393386368211     
   2.96470416666667        6.81621958333333      -0.144188648571498     
   2.96470416666667        7.11249000000000      -0.139400975800549     
   3.26097458333333       2.000000000000000E-003 -0.596760793673803     
   3.26097458333333       0.298270416666667      -0.589078948417462     
   3.26097458333333       0.594540833333333      -0.567335430690914     
   3.26097458333333       0.890811250000000      -0.535157692674088     
   3.26097458333333        1.18708166666667      -0.497815214897778     
   3.26097458333333        1.48335208333333      -0.461542253497226     
   3.26097458333333        1.77962250000000      -0.427851792136912     
   3.26097458333333        2.07589291666667      -0.397062346146042     
   3.26097458333333        2.37216333333333      -0.369777464448990     
   3.26097458333333        2.66843375000000      -0.345593248311179     
   3.26097458333333        2.96470416666667      -0.323659569613442     
   3.26097458333333        3.26097458333333      -0.303749667035134     
   3.26097458333333        3.55724500000000      -0.286055933185416     
   3.26097458333333        3.85351541666667      -0.266492063906294     
   3.26097458333333        4.14978583333333      -0.248327334546345     
   3.26097458333333        4.44605625000000      -0.228806855832166     
   3.26097458333333        4.74232666666667      -0.210173142611831     
   3.26097458333333        5.03859708333333      -0.194254068517644     
   3.26097458333333        5.33486750000000      -0.181400486111354     
   3.26097458333333        5.63113791666667      -0.171269296188890     
   3.26097458333333        5.92740833333333      -0.163041284469863     
   3.26097458333333        6.22367875000000      -0.155956692205620     
   3.26097458333333        6.51994916666667      -0.149920628152953     
   3.26097458333333        6.81621958333333      -0.144654757064639     
   3.26097458333333        7.11249000000000      -0.139825383278881     
   3.55724500000000       2.000000000000000E-003 -0.604804683476394     
   3.55724500000000       0.298270416666667      -0.596811207801295     
   3.55724500000000       0.594540833333333      -0.574331443358594     
   3.55724500000000       0.890811250000000      -0.541247974838533     
   3.55724500000000        1.18708166666667      -0.503072214210106     
   3.55724500000000        1.48335208333333      -0.466323756151280     
   3.55724500000000        1.77962250000000      -0.431990311327482     
   3.55724500000000        2.07589291666667      -0.400999486531188     
   3.55724500000000        2.37216333333333      -0.373776084779946     
   3.55724500000000        2.66843375000000      -0.350157524126723     
   3.55724500000000        2.96470416666667      -0.329463973870473     
   3.55724500000000        3.26097458333333      -0.309554371653786     
   3.55724500000000        3.55724500000000      -0.285516791989905     
   3.55724500000000        3.85351541666667      -0.272332797357936     
   3.55724500000000        4.14978583333333      -0.254180164150270     
   3.55724500000000        4.44605625000000      -0.232116824684759     
   3.55724500000000        4.74232666666667      -0.211861631628673     
   3.55724500000000        5.03859708333333      -0.195111062993248     
   3.55724500000000        5.33486750000000      -0.181858123353300     
   3.55724500000000        5.63113791666667      -0.171546836678488     
   3.55724500000000        5.92740833333333      -0.163290318994182     
   3.55724500000000        6.22367875000000      -0.156176098475712     
   3.55724500000000        6.51994916666667      -0.150110511994868     
   3.55724500000000        6.81621958333333      -0.144823662778280     
   3.55724500000000        7.11249000000000      -0.139979588465544     
   3.85351541666667       2.000000000000000E-003 -0.596761681792609     
   3.85351541666667       0.298270416666667      -0.589075714156842     
   3.85351541666667       0.594540833333333      -0.567328675197479     
   3.85351541666667       0.890811250000000      -0.535148155765012     
   3.85351541666667        1.18708166666667      -0.497803640325111     
   3.85351541666667        1.48335208333333      -0.461528471386172     
   3.85351541666667        1.77962250000000      -0.427834987412551     
   3.85351541666667        2.07589291666667      -0.397040457990708     
   3.85351541666667        2.37216333333333      -0.369745924851192     
   3.85351541666667        2.66843375000000      -0.345543835083157     
   3.85351541666667        2.96470416666667      -0.323584409131329     
   3.85351541666667        3.26097458333333      -0.303670312234037     
   3.85351541666667        3.55724500000000      -0.286040539683208     
   3.85351541666667        3.85351541666667      -0.266557464422258     
   3.85351541666667        4.14978583333333      -0.248407750121410     
   3.85351541666667        4.44605625000000      -0.228859864152425     
   3.85351541666667        4.74232666666667      -0.210203935869095     
   3.85351541666667        5.03859708333333      -0.194273159986084     
   3.85351541666667        5.33486750000000      -0.181414455579042     
   3.85351541666667        5.63113791666667      -0.171281679296145     
   3.85351541666667        5.92740833333333      -0.163053704481920     
   3.85351541666667        6.22367875000000      -0.155969442418294     
   3.85351541666667        6.51994916666667      -0.149933647224619     
   3.85351541666667        6.81621958333333      -0.144667731012457     
   3.85351541666667        7.11249000000000      -0.139837841538792     
   4.14978583333333       2.000000000000000E-003 -0.574268834996628     
   4.14978583333333       0.298270416666667      -0.567307768347126     
   4.14978583333333       0.594540833333333      -0.547434415729491     
   4.14978583333333       0.890811250000000      -0.517727873704547     
   4.14978583333333        1.18708166666667      -0.482794916135093     
   4.14978583333333        1.48335208333333      -0.448202988462211     
   4.14978583333333        1.77962250000000      -0.415879665062257     
   4.14978583333333        2.07589291666667      -0.386113878526588     
   4.14978583333333        2.37216333333333      -0.359269187417204     
   4.14978583333333        2.66843375000000      -0.335092544494685     
   4.14978583333333        2.96470416666667      -0.313475980115134     
   4.14978583333333        3.26097458333333      -0.295414787441970     
   4.14978583333333        3.55724500000000      -0.278795456726587     
   4.14978583333333        3.85351541666667      -0.258433566006995     
   4.14978583333333        4.14978583333333      -0.239509912816559     
   4.14978583333333        4.44605625000000      -0.222374668954960     
   4.14978583333333        4.74232666666667      -0.206317646976556     
   4.14978583333333        5.03859708333333      -0.192103025065271     
   4.14978583333333        5.33486750000000      -0.180191864742436     
   4.14978583333333        5.63113791666667      -0.170473941997596     
   4.14978583333333        5.92740833333333      -0.162344623796793     
   4.14978583333333        6.22367875000000      -0.155363985523512     
   4.14978583333333        6.51994916666667      -0.149418643503772     
   4.14978583333333        6.81621958333333      -0.144213765719738     
   4.14978583333333        7.11249000000000      -0.139425037855456     
   4.44605625000000       2.000000000000000E-003 -0.541196101132415     
   4.44605625000000       0.298270416666667      -0.535124232944251     
   4.44605625000000       0.594540833333333      -0.517720266678040     
   4.44605625000000       0.890811250000000      -0.491497162642442     
   4.44605625000000        1.18708166666667      -0.460202442621306     
   4.44605625000000        1.48335208333333      -0.428153757264793     
   4.44605625000000        1.77962250000000      -0.398272541456857     
   4.44605625000000        2.07589291666667      -0.370486233382733     
   4.44605625000000        2.37216333333333      -0.345152960953137     
   4.44605625000000        2.66843375000000      -0.322448534909646     
   4.44605625000000        2.96470416666667      -0.302516530214708     
   4.44605625000000        3.26097458333333      -0.285236370118793     
   4.44605625000000        3.55724500000000      -0.268329530432189     
   4.44605625000000        3.85351541666667      -0.249765014695031     
   4.44605625000000        4.14978583333333      -0.231896243546804     
   4.44605625000000        4.44605625000000      -0.216052677947666     
   4.44605625000000        4.74232666666667      -0.201839589648608     
   4.44605625000000        5.03859708333333      -0.189223428738065     
   4.44605625000000        5.33486750000000      -0.178357975949957     
   4.44605625000000        5.63113791666667      -0.169148431417324     
   4.44605625000000        5.92740833333333      -0.161217297524974     
   4.44605625000000        6.22367875000000      -0.154434518539415     
   4.44605625000000        6.51994916666667      -0.148639708320147     
   4.44605625000000        6.81621958333333      -0.143531493394198     
   4.44605625000000        7.11249000000000      -0.138807659492700     
   4.74232666666667       2.000000000000000E-003 -0.503026752280351     
   4.74232666666667       0.298270416666667      -0.497771299744716     
   4.74232666666667       0.594540833333333      -0.482775555236444     
   4.74232666666667       0.890811250000000      -0.460192886922900     
   4.74232666666667        1.18708166666667      -0.433025100675010     
   4.74232666666667        1.48335208333333      -0.404510483574524     
   4.74232666666667        1.77962250000000      -0.377393551770405     
   4.74232666666667        2.07589291666667      -0.352272550567588     
   4.74232666666667        2.37216333333333      -0.329288888784633     
   4.74232666666667        2.66843375000000      -0.308650334716948     
   4.74232666666667        2.96470416666667      -0.290306206330397     
   4.74232666666667        3.26097458333333      -0.273648832410752     
   4.74232666666667        3.55724500000000      -0.257308518027022     
   4.74232666666667        3.85351541666667      -0.240615492928875     
   4.74232666666667        4.14978583333333      -0.224579796353133     
   4.74232666666667        4.44605625000000      -0.210142857347291     
   4.74232666666667        4.74232666666667      -0.197335789671875     
   4.74232666666667        5.03859708333333      -0.186001218947034     
   4.74232666666667        5.33486750000000      -0.176057809758149     
   4.74232666666667        5.63113791666667      -0.167351205593949     
   4.74232666666667        5.92740833333333      -0.159772964356840     
   4.74232666666667        6.22367875000000      -0.153276969788265     
   4.74232666666667        6.51994916666667      -0.147682102102962     
   4.74232666666667        6.81621958333333      -0.142699659356939     
   4.74232666666667        7.11249000000000      -0.138063839754363     
   5.03859708333333       2.000000000000000E-003 -0.466256762152184     
   5.03859708333333       0.298270416666667      -0.461465290395710     
   5.03859708333333       0.594540833333333      -0.448139284575749     
   5.03859708333333       0.890811250000000      -0.428117623377672     
   5.03859708333333        1.18708166666667      -0.404493614089468     
   5.03859708333333        1.48335208333333      -0.379672154304608     
   5.03859708333333        1.77962250000000      -0.355556539259159     
   5.03859708333333        2.07589291666667      -0.333252447373576     
   5.03859708333333        2.37216333333333      -0.312848970469618     
   5.03859708333333        2.66843375000000      -0.294338313133454     
   5.03859708333333        2.96470416666667      -0.277518311211350     
   5.03859708333333        3.26097458333333      -0.261841956531786     
   5.03859708333333        3.55724500000000      -0.246600159105921     
   5.03859708333333        3.85351541666667      -0.231601231816073     
   5.03859708333333        4.14978583333333      -0.217349519010887     
   5.03859708333333        4.44605625000000      -0.204384342033128     
   5.03859708333333        4.74232666666667      -0.192829037442748     
   5.03859708333333        5.03859708333333      -0.182559994422007     
   5.03859708333333        5.33486750000000      -0.173399557373831     
   5.03859708333333        5.63113791666667      -0.165249597679977     
   5.03859708333333        5.92740833333333      -0.158124843967546     
   5.03859708333333        6.22367875000000      -0.151968406380608     
   5.03859708333333        6.51994916666667      -0.146599568551802     
   5.03859708333333        6.81621958333333      -0.141769949348776     
   5.03859708333333        7.11249000000000      -0.137253885546845     
   5.33486750000000       2.000000000000000E-003 -0.431934790476552     
   5.33486750000000       0.298270416666667      -0.427773213435219     
   5.33486750000000       0.594540833333333      -0.415816031722587     
   5.33486750000000       0.890811250000000      -0.398209897701698     
   5.33486750000000        1.18708166666667      -0.377356619449398     
   5.33486750000000        1.48335208333333      -0.355537737150342     
   5.33486750000000        1.77962250000000      -0.334451449517747     
   5.33486750000000        2.07589291666667      -0.314748480661006     
   5.33486750000000        2.37216333333333      -0.296701296096438     
   5.33486750000000        2.66843375000000      -0.280187913127235     
   5.33486750000000        2.96470416666667      -0.264916520800752     
   5.33486750000000        3.26097458333333      -0.250487418562147     
   5.33486750000000        3.55724500000000      -0.236546824819229     
   5.33486750000000        3.85351541666667      -0.223084204173589     
   5.33486750000000        4.14978583333333      -0.210392223378861     
   5.33486750000000        4.44605625000000      -0.198787474182369     
   5.33486750000000        4.74232666666667      -0.188360308423860     
   5.33486750000000        5.03859708333333      -0.178998326603970     
   5.33486750000000        5.33486750000000      -0.170543030812081     
   5.33486750000000        5.63113791666667      -0.162995901517678     
   5.33486750000000        5.92740833333333      -0.156353594408816     
   5.33486750000000        6.22367875000000      -0.150552902538252     
   5.33486750000000        6.51994916666667      -0.145436178483922     
   5.33486750000000        6.81621958333333      -0.140795218811401     
   5.33486750000000        7.11249000000000      -0.136448666393869     
   5.63113791666667       2.000000000000000E-003 -0.400932007339323     
   5.63113791666667       0.298270416666667      -0.396960846586140     
   5.63113791666667       0.594540833333333      -0.386024896040416     
   5.63113791666667       0.890811250000000      -0.370409845757531     
   5.63113791666667        1.18708166666667      -0.352216975993960     
   5.63113791666667        1.48335208333333      -0.333216450579937     
   5.63113791666667        1.77962250000000      -0.314732689012960     
   5.63113791666667        2.07589291666667      -0.297440028236066     
   5.63113791666667        2.37216333333333      -0.281439247156564     
   5.63113791666667        2.66843375000000      -0.266669633804515     
   5.63113791666667        2.96470416666667      -0.252904784876188     
   5.63113791666667        3.26097458333333      -0.239826308941503     
   5.63113791666667        3.55724500000000      -0.227245169193818     
   5.63113791666667        3.85351541666667      -0.215193218843854     
   5.63113791666667        4.14978583333333      -0.203873356141570     
   5.63113791666667        4.44605625000000      -0.193478646524782     
   5.63113791666667        4.74232666666667      -0.184007251479768     
   5.63113791666667        5.03859708333333      -0.175403473989091     
   5.63113791666667        5.33486750000000      -0.167636440089176     
   5.63113791666667        5.63113791666667      -0.160690123831715     
   5.63113791666667        5.92740833333333      -0.154532466714502     
   5.63113791666667        6.22367875000000      -0.149094140441106     
   5.63113791666667        6.51994916666667      -0.144240963430600     
   5.63113791666667        6.81621958333333      -0.139812816492046     
   5.63113791666667        7.11249000000000      -0.135673073333415     
   5.92740833333333       2.000000000000000E-003 -0.373704762947791     
   5.92740833333333       0.298270416666667      -0.369644314710845     
   5.92740833333333       0.594540833333333      -0.359176054331836     
   5.92740833333333       0.890811250000000      -0.345074235182025     
   5.92740833333333        1.18708166666667      -0.329227525615699     
   5.92740833333333        1.48335208333333      -0.312803849964435     
   5.92740833333333        1.77962250000000      -0.296673601203686     
   5.92740833333333        2.07589291666667      -0.281427443311405     
   5.92740833333333        2.37216333333333      -0.267253814474764     
   5.92740833333333        2.66843375000000      -0.254060470748578     
   5.92740833333333        2.96470416666667      -0.241680980831789     
   5.92740833333333        3.26097458333333      -0.229924817416287     
   5.92740833333333        3.55724500000000      -0.218670774359535     
   5.92740833333333        3.85351541666667      -0.207927509375433     
   5.92740833333333        4.14978583333333      -0.197796597765127     
   5.92740833333333        4.44605625000000      -0.188379361840812     
   5.92740833333333        4.74232666666667      -0.179728009343295     
   5.92740833333333        5.03859708333333      -0.171857309671780     
   5.92740833333333        5.33486750000000      -0.164758501423321     
   5.92740833333333        5.63113791666667      -0.158402174935568     
   5.92740833333333        5.92740833333333      -0.152735125334716     
   5.92740833333333        6.22367875000000      -0.147662123815427     
   5.92740833333333        6.51994916666667      -0.143056354080963     
   5.92740833333333        6.81621958333333      -0.138826048874232     
   5.92740833333333        7.11249000000000      -0.134916309194386     
   6.22367875000000       2.000000000000000E-003 -0.350085981685612     
   6.22367875000000       0.298270416666667      -0.345437174537566     
   6.22367875000000       0.594540833333333      -0.334996905114626     
   6.22367875000000       0.890811250000000      -0.322370146370316     
   6.22367875000000        1.18708166666667      -0.308584738239163     
   6.22367875000000        1.48335208333333      -0.294287698031345     
   6.22367875000000        1.77962250000000      -0.280153528875733     
   6.22367875000000        2.07589291666667      -0.266650013545835     
   6.22367875000000        2.37216333333333      -0.254053017093174     
   6.22367875000000        2.66843375000000      -0.242317697542101     
   6.22367875000000        2.96470416666667      -0.231282161822038     
   6.22367875000000        3.26097458333333      -0.220791507016156     
   6.22367875000000        3.55724500000000      -0.210745879882290     
   6.22367875000000        3.85351541666667      -0.201130881909411     
   6.22367875000000        4.14978583333333      -0.192004773229062     
   6.22367875000000        4.44605625000000      -0.183456344181467     
   6.22367875000000        4.74232666666667      -0.175567131620760     
   6.22367875000000        5.03859708333333      -0.168389954292637     
   6.22367875000000        5.33486750000000      -0.161934459648965     
   6.22367875000000        5.63113791666667      -0.156162302145550     
   6.22367875000000        5.92740833333333      -0.151004451892409     
   6.22367875000000        6.22367875000000      -0.146323955703580     
   6.22367875000000        6.51994916666667      -0.141946029115173     
   6.22367875000000        6.81621958333333      -0.137832384779672     
   6.22367875000000        7.11249000000000      -0.134146113691165     
   6.51994916666667       2.000000000000000E-003 -0.329391363598543     
   6.51994916666667       0.298270416666667      -0.323479883060356     
   6.51994916666667       0.594540833333333      -0.313387027048427     
   6.51994916666667       0.890811250000000      -0.302435609423497     
   6.51994916666667        1.18708166666667      -0.290239207816955     
   6.51994916666667        1.48335208333333      -0.277466741187331     
   6.51994916666667        1.77962250000000      -0.264881309978447     
   6.51994916666667        2.07589291666667      -0.252882629552269     
   6.51994916666667        2.37216333333333      -0.241670189231455     
   6.51994916666667        2.66843375000000      -0.231278487376235     
   6.51994916666667        2.96470416666667      -0.221517306112961     
   6.51994916666667        3.26097458333333      -0.212224842994002     
   6.51994916666667        3.55724500000000      -0.203291976396737     
   6.51994916666667        3.85351541666667      -0.194685986065688     
   6.51994916666667        4.14978583333333      -0.186452129851149     
   6.51994916666667        4.44605625000000      -0.178686281635090     
   6.51994916666667        4.74232666666667      -0.171495212763246     
   6.51994916666667        5.03859708333333      -0.164959592951615     
   6.51994916666667        5.33486750000000      -0.159109725165315     
   6.51994916666667        5.63113791666667      -0.153916825954431     
   6.51994916666667        5.92740833333333      -0.149308532834599     
   6.51994916666667        6.22367875000000      -0.145112494106624     
   6.51994916666667        6.51994916666667      -0.141030803221533     
   6.51994916666667        6.81621958333333      -0.136925291948070     
   6.51994916666667        7.11249000000000      -0.133400706667482     
   6.81621958333333       2.000000000000000E-003 -0.309512075092919     
   6.81621958333333       0.298270416666667      -0.303573119718702     
   6.81621958333333       0.594540833333333      -0.295319996755983     
   6.81621958333333       0.890811250000000      -0.285153723879487     
   6.81621958333333        1.18708166666667      -0.273584522055897     
   6.81621958333333        1.48335208333333      -0.261797054595816     
   6.81621958333333        1.77962250000000      -0.250456858431789     
   6.81621958333333        2.07589291666667      -0.239806488375240     
   6.81621958333333        2.37216333333333      -0.229914198396880     
   6.81621958333333        2.66843375000000      -0.220786875408935     
   6.81621958333333        2.96470416666667      -0.212223436714013     
   6.81621958333333        3.26097458333333      -0.204050204004439     
   6.81621958333333        3.55724500000000      -0.196143348951227     
   6.81621958333333        3.85351541666667      -0.188455789906736     
   6.81621958333333        4.14978583333333      -0.181031271693772     
   6.81621958333333        4.44605625000000      -0.173978598242909     
   6.81621958333333        4.74232666666667      -0.167425288150461     
   6.81621958333333        5.03859708333333      -0.161475749937539     
   6.81621958333333        5.33486750000000      -0.156177089483231     
   6.81621958333333        5.63113791666667      -0.151526611911819     
   6.81621958333333        5.92740833333333      -0.147470108380475     
   6.81621958333333        6.22367875000000      -0.143852996840489     
   6.81621958333333        6.51994916666667      -0.140317663806561     
   6.81621958333333        6.81621958333333      -0.136332589010535     
   6.81621958333333        7.11249000000000      -0.132688408972369     
   7.11249000000000       2.000000000000000E-003 -0.285480051067752     
   7.11249000000000       0.298270416666667      -0.285992235740029     
   7.11249000000000       0.594540833333333      -0.278725917292105     
   7.11249000000000       0.890811250000000      -0.268271314168046     
   7.11249000000000        1.18708166666667      -0.257262596567914     
   7.11249000000000        1.48335208333333      -0.246566714521259     
   7.11249000000000        1.77962250000000      -0.236524516251627     
   7.11249000000000        2.07589291666667      -0.227230801280259     
   7.11249000000000        2.37216333333333      -0.218662405670923     
   7.11249000000000        2.66843375000000      -0.210741690222862     
   7.11249000000000        2.96470416666667      -0.203290236495538     
   7.11249000000000        3.26097458333333      -0.196142792843854     
   7.11249000000000        3.55724500000000      -0.189170478873904     
   7.11249000000000        3.85351541666667      -0.182319301235364     
   7.11249000000000        4.14978583333333      -0.175635502049310     
   7.11249000000000        4.44605625000000      -0.169238876305661     
   7.11249000000000        4.74232666666667      -0.163270155533162     
   7.11249000000000        5.03859708333333      -0.157844497842664     
   7.11249000000000        5.33486750000000      -0.153028999834298     
   7.11249000000000        5.63113791666667      -0.148832907311170     
   7.11249000000000        5.92740833333333      -0.145218964785265     
   7.11249000000000        6.22367875000000      -0.142064685724148     
   7.11249000000000        6.51994916666667      -0.139060539169945     
   7.11249000000000        6.81621958333333      -0.135440030170489     
   7.11249000000000        7.11249000000000      -0.130991461725907     
