  2.000000000000000E-003  2.000000000000000E-003 -0.208010592398689     
  2.000000000000000E-003  0.298270416666667      -0.216701308511733     
  2.000000000000000E-003  0.594540833333333      -0.223431374263166     
  2.000000000000000E-003  0.890811250000000      -0.230062291548488     
  2.000000000000000E-003   1.18708166666667      -0.237131186788361     
  2.000000000000000E-003   1.48335208333333      -0.244668442164097     
  2.000000000000000E-003   1.77962250000000      -0.252607521970559     
  2.000000000000000E-003   2.07589291666667      -0.260674569356190     
  2.000000000000000E-003   2.37216333333333      -0.268408217475636     
  2.000000000000000E-003   2.66843375000000      -0.275224861345115     
  2.000000000000000E-003   2.96470416666667      -0.280689459259322     
  2.000000000000000E-003   3.26097458333333      -0.284270480699645     
  2.000000000000000E-003   3.55724500000000      -0.285516851581109     
  2.000000000000000E-003   3.85351541666667      -0.284253670883312     
  2.000000000000000E-003   4.14978583333333      -0.280657261129645     
  2.000000000000000E-003   4.44605625000000      -0.275179685376094     
  2.000000000000000E-003   4.74232666666667      -0.268352965262701     
  2.000000000000000E-003   5.03859708333333      -0.260613065797743     
  2.000000000000000E-003   5.33486750000000      -0.252541958233033     
  2.000000000000000E-003   5.63113791666667      -0.244599591509634     
  2.000000000000000E-003   5.92740833333333      -0.237058795219795     
  2.000000000000000E-003   6.22367875000000      -0.229984053463131     
  2.000000000000000E-003   6.51994916666667      -0.223327486990272     
  2.000000000000000E-003   6.81621958333333      -0.216520142900065     
  2.000000000000000E-003   7.11249000000000      -0.207800654760328     
  0.298270416666667       2.000000000000000E-003 -0.216701461185678     
  0.298270416666667       0.298270416666667      -0.228032232974612     
  0.298270416666667       0.594540833333333      -0.235740797303979     
  0.298270416666667       0.890811250000000      -0.242688425201881     
  0.298270416666667        1.18708166666667      -0.250782353741683     
  0.298270416666667        1.48335208333333      -0.260025765512445     
  0.298270416666667        1.77962250000000      -0.270084374129913     
  0.298270416666667        2.07589291666667      -0.280484450307304     
  0.298270416666667        2.37216333333333      -0.290495643125687     
  0.298270416666667        2.66843375000000      -0.299365042860754     
  0.298270416666667        2.96470416666667      -0.306506389929867     
  0.298270416666667        3.26097458333333      -0.311197829724549     
  0.298270416666667        3.55724500000000      -0.312833415870714     
  0.298270416666667        3.85351541666667      -0.311178241900995     
  0.298270416666667        4.14978583333333      -0.306468705523159     
  0.298270416666667        4.44605625000000      -0.299311643335703     
  0.298270416666667        4.74232666666667      -0.290428950838836     
  0.298270416666667        5.03859708333333      -0.280406674510586     
  0.298270416666667        5.33486750000000      -0.269994723372995     
  0.298270416666667        5.63113791666667      -0.259918759379494     
  0.298270416666667        5.92740833333333      -0.250646603985943     
  0.298270416666667        6.22367875000000      -0.242503014274991     
  0.298270416666667        6.51994916666667      -0.235471396838884     
  0.298270416666667        6.81621958333333      -0.227690130744679     
  0.298270416666667        7.11249000000000      -0.216520408767447     
  0.594540833333333       2.000000000000000E-003 -0.223431622532544     
  0.594540833333333       0.298270416666667      -0.235740840341507     
  0.594540833333333       0.594540833333333      -0.245869192835125     
  0.594540833333333       0.890811250000000      -0.254965074978277     
  0.594540833333333        1.18708166666667      -0.265223961878694     
  0.594540833333333        1.48335208333333      -0.277082666215244     
  0.594540833333333        1.77962250000000      -0.290171611626852     
  0.594540833333333        2.07589291666667      -0.303841804726775     
  0.594540833333333        2.37216333333333      -0.317112878994152     
  0.594540833333333        2.66843375000000      -0.328994431281236     
  0.594540833333333        2.96470416666667      -0.338636839341253     
  0.594540833333333        3.26097458333333      -0.344995045521257     
  0.594540833333333        3.55724500000000      -0.347216675334694     
  0.594540833333333        3.85351541666667      -0.344972977920298     
  0.594540833333333        4.14978583333333      -0.338594364348214     
  0.594540833333333        4.44605625000000      -0.328934013912478     
  0.594540833333333        4.74232666666667      -0.317036785698082     
  0.594540833333333        5.03859708333333      -0.303751346844106     
  0.594540833333333        5.33486750000000      -0.290064059403574     
  0.594540833333333        5.63113791666667      -0.276949211998374     
  0.594540833333333        5.92740833333333      -0.265049635259635     
  0.594540833333333        6.22367875000000      -0.254731426676669     
  0.594540833333333        6.51994916666667      -0.245576098975118     
  0.594540833333333        6.81621958333333      -0.235471746109369     
  0.594540833333333        7.11249000000000      -0.223327954214946     
  0.890811250000000       2.000000000000000E-003 -0.230062472219032     
  0.890811250000000       0.298270416666667      -0.242688516390525     
  0.890811250000000       0.594540833333333      -0.254965118207301     
  0.890811250000000       0.890811250000000      -0.267269865932859     
  0.890811250000000        1.18708166666667      -0.280949611548315     
  0.890811250000000        1.48335208333333      -0.296562520178098     
  0.890811250000000        1.77962250000000      -0.313902762544709     
  0.890811250000000        2.07589291666667      -0.332203264148361     
  0.890811250000000        2.37216333333333      -0.350104396085667     
  0.890811250000000        2.66843375000000      -0.366472298197884     
  0.890811250000000        2.96470416666667      -0.379907580501660     
  0.890811250000000        3.26097458333333      -0.388818879821022     
  0.890811250000000        3.55724500000000      -0.391942270066696     
  0.890811250000000        3.85351541666667      -0.388794446267110     
  0.890811250000000        4.14978583333333      -0.379860711790815     
  0.890811250000000        4.44605625000000      -0.366406029539482     
  0.890811250000000        4.74232666666667      -0.350021423597407     
  0.890811250000000        5.03859708333333      -0.332104853512759     
  0.890811250000000        5.33486750000000      -0.313787200226467     
  0.890811250000000        5.63113791666667      -0.296421946114433     
  0.890811250000000        5.92740833333333      -0.280773609417950     
  0.890811250000000        6.22367875000000      -0.267054071375972     
  0.890811250000000        6.51994916666667      -0.254731622234167     
  0.890811250000000        6.81621958333333      -0.242503439929989     
  0.890811250000000        7.11249000000000      -0.229984500032035     
   1.18708166666667       2.000000000000000E-003 -0.237131286931070     
   1.18708166666667       0.298270416666667      -0.250782458113942     
   1.18708166666667       0.594540833333333      -0.265224050222856     
   1.18708166666667       0.890811250000000      -0.280949665028467     
   1.18708166666667        1.18708166666667      -0.298830759550760     
   1.18708166666667        1.48335208333333      -0.319365592963071     
   1.18708166666667        1.77962250000000      -0.342415022878445     
   1.18708166666667        2.07589291666667      -0.367019735742829     
   1.18708166666667        2.37216333333333      -0.391639485930743     
   1.18708166666667        2.66843375000000      -0.414700479181416     
   1.18708166666667        2.96470416666667      -0.433924022153330     
   1.18708166666667        3.26097458333333      -0.446801921605496     
   1.18708166666667        3.55724500000000      -0.451340381777776     
   1.18708166666667        3.85351541666667      -0.446774306876501     
   1.18708166666667        4.14978583333333      -0.433871777308588     
   1.18708166666667        4.44605625000000      -0.414628080558652     
   1.18708166666667        4.74232666666667      -0.391550904645868     
   1.18708166666667        5.03859708333333      -0.366917236938517     
   1.18708166666667        5.33486750000000      -0.342298792124805     
   1.18708166666667        5.63113791666667      -0.319231503082108     
   1.18708166666667        5.92740833333333      -0.298674073762693     
   1.18708166666667        6.22367875000000      -0.280773736373017     
   1.18708166666667        6.51994916666667      -0.265049920983620     
   1.18708166666667        6.81621958333333      -0.250647038897752     
   1.18708166666667        7.11249000000000      -0.237059246678340     
   1.48335208333333       2.000000000000000E-003 -0.244668481156826     
   1.48335208333333       0.298270416666667      -0.260025850985271     
   1.48335208333333       0.594540833333333      -0.277082769572294     
   1.48335208333333       0.890811250000000      -0.296562612451356     
   1.48335208333333        1.18708166666667      -0.319365646680809     
   1.48335208333333        1.48335208333333      -0.346073689326211     
   1.48335208333333        1.77962250000000      -0.376534027839661     
   1.48335208333333        2.07589291666667      -0.409633209500548     
   1.48335208333333        2.37216333333333      -0.443940599983919     
   1.48335208333333        2.66843375000000      -0.476971217471889     
   1.48335208333333        2.96470416666667      -0.505141797895377     
   1.48335208333333        3.26097458333333      -0.524424440527721     
   1.48335208333333        3.55724500000000      -0.531286020565286     
   1.48335208333333        3.85351541666667      -0.524390886431585     
   1.48335208333333        4.14978583333333      -0.505080016488306     
   1.48335208333333        4.44605625000000      -0.476889281382780     
   1.48335208333333        4.74232666666667      -0.443845096983246     
   1.48335208333333        5.03859708333333      -0.409527748598664     
   1.48335208333333        5.33486750000000      -0.376419654277312     
   1.48335208333333        5.63113791666667      -0.345950241944977     
   1.48335208333333        5.92740833333333      -0.319231609902942     
   1.48335208333333        6.22367875000000      -0.296422132427014     
   1.48335208333333        6.51994916666667      -0.276949479501817     
   1.48335208333333        6.81621958333333      -0.259919144400325     
   1.48335208333333        7.11249000000000      -0.244599987310697     
   1.77962250000000       2.000000000000000E-003 -0.252607489180499     
   1.77962250000000       0.298270416666667      -0.270084399162792     
   1.77962250000000       0.594540833333333      -0.290171680591289     
   1.77962250000000       0.890811250000000      -0.313902854987129     
   1.77962250000000        1.18708166666667      -0.342415113419596     
   1.77962250000000        1.48335208333333      -0.376534091556480     
   1.77962250000000        1.77962250000000      -0.416214870025364     
   1.77962250000000        2.07589291666667      -0.460944643717182     
   1.77962250000000        2.37216333333333      -0.509023528865331     
   1.77962250000000        2.66843375000000      -0.557153596339832     
   1.77962250000000        2.96470416666667      -0.599892129953653     
   1.77962250000000        3.26097458333333      -0.630104152399222     
   1.77962250000000        3.55724500000000      -0.641097054874881     
   1.77962250000000        3.85351541666667      -0.630059659461350     
   1.77962250000000        4.14978583333333      -0.599813307266550     
   1.77962250000000        4.44605625000000      -0.557054513390944     
   1.77962250000000        4.74232666666667      -0.508915884437738     
   1.77962250000000        5.03859708333333      -0.460834588376153     
   1.77962250000000        5.33486750000000      -0.416102965914116     
   1.77962250000000        5.63113791666667      -0.376419755029157     
   1.77962250000000        5.92740833333333      -0.342298939341833     
   1.77962250000000        6.22367875000000      -0.313787363072178     
   1.77962250000000        6.51994916666667      -0.290064245327879     
   1.77962250000000        6.81621958333333      -0.269994980398724     
   1.77962250000000        7.11249000000000      -0.252542237289676     
   2.07589291666667       2.000000000000000E-003 -0.260674446019785     
   2.07589291666667       0.298270416666667      -0.280484378953999     
   2.07589291666667       0.594540833333333      -0.303841802088099     
   2.07589291666667       0.890811250000000      -0.332203336206031     
   2.07589291666667        1.18708166666667      -0.367019872152883     
   2.07589291666667        1.48335208333333      -0.409633373067347     
   2.07589291666667        1.77962250000000      -0.460944768839096     
   2.07589291666667        2.07589291666667      -0.521029362512136     
   2.07589291666667        2.37216333333333      -0.588606366156445     
   2.07589291666667        2.66843375000000      -0.659861144891256     
   2.07589291666667        2.96470416666667      -0.726742380927966     
   2.07589291666667        3.26097458333333      -0.776443822461050     
   2.07589291666667        3.55724500000000      -0.795081433319537     
   2.07589291666667        3.85351541666667      -0.776380089159916     
   2.07589291666667        4.14978583333333      -0.726635089415237     
   2.07589291666667        4.44605625000000      -0.659735631579798     
   2.07589291666667        4.74232666666667      -0.588480746337680     
   2.07589291666667        5.03859708333333      -0.520911400191584     
   2.07589291666667        5.33486750000000      -0.460834876468864     
   2.07589291666667        5.63113791666667      -0.409528085392028     
   2.07589291666667        5.92740833333333      -0.366917520746090     
   2.07589291666667        6.22367875000000      -0.332105051683112     
   2.07589291666667        6.51994916666667      -0.303751477595248     
   2.07589291666667        6.81621958333333      -0.280406803752478     
   2.07589291666667        7.11249000000000      -0.260613188226010     
   2.37216333333333       2.000000000000000E-003 -0.268408052911469     
   2.37216333333333       0.298270416666667      -0.290495518828741     
   2.37216333333333       0.594540833333333      -0.317112849873437     
   2.37216333333333       0.890811250000000      -0.350104499140449     
   2.37216333333333        1.18708166666667      -0.391639719749941     
   2.37216333333333        1.48335208333333      -0.443940919054385     
   2.37216333333333        1.77962250000000      -0.509023851959432     
   2.37216333333333        2.07589291666667      -0.588606564377578     
   2.37216333333333        2.37216333333333      -0.683102057577428     
   2.37216333333333        2.66843375000000      -0.789408931506072     
   2.37216333333333        2.96470416666667      -0.896632162657441     
   2.37216333333333        3.26097458333333      -0.981825801924919     
   2.37216333333333        3.55724500000000       -1.01513368693660     
   2.37216333333333        3.85351541666667      -0.981728515238709     
   2.37216333333333        4.14978583333333      -0.896479883910035     
   2.37216333333333        4.44605625000000      -0.789247488037698     
   2.37216333333333        4.74232666666667      -0.682955831998923     
   2.37216333333333        5.03859708333333      -0.588481358911325     
   2.37216333333333        5.33486750000000      -0.508916705518163     
   2.37216333333333        5.63113791666667      -0.443845799121335     
   2.37216333333333        5.92740833333333      -0.391551467042752     
   2.37216333333333        6.22367875000000      -0.350021726089807     
   2.37216333333333        6.51994916666667      -0.317036980244026     
   2.37216333333333        6.81621958333333      -0.290429068852119     
   2.37216333333333        7.11249000000000      -0.268353067489562     
   2.66843375000000       2.000000000000000E-003 -0.275224721243349     
   2.66843375000000       0.298270416666667      -0.299364938637345     
   2.66843375000000       0.594540833333333      -0.328994443697436     
   2.66843375000000       0.890811250000000      -0.366472486844990     
   2.66843375000000        1.18708166666667      -0.414700854719661     
   2.66843375000000        1.48335208333333      -0.476971740498056     
   2.66843375000000        1.77962250000000      -0.557154150729487     
   2.66843375000000        2.07589291666667      -0.659861561329213     
   2.66843375000000        2.37216333333333      -0.789409137399928     
   2.66843375000000        2.66843375000000      -0.946173226259636     
   2.66843375000000        2.96470416666667       -1.11710700149377     
   2.66843375000000        3.26097458333333       -1.26303365847911     
   2.66843375000000        3.55724500000000       -1.32311107340938     
   2.66843375000000        3.85351541666667       -1.26288071367768     
   2.66843375000000        4.14978583333333       -1.11689269758218     
   2.66843375000000        4.44605625000000      -0.945973637261859     
   2.66843375000000        4.74232666666667      -0.789248610538711     
   2.66843375000000        5.03859708333333      -0.659737181939556     
   2.66843375000000        5.33486750000000      -0.557056090164622     
   2.66843375000000        5.63113791666667      -0.476890566961786     
   2.66843375000000        5.92740833333333      -0.414628986244586     
   2.66843375000000        6.22367875000000      -0.366406592517368     
   2.66843375000000        6.51994916666667      -0.328934297255383     
   2.66843375000000        6.81621958333333      -0.299311764206742     
   2.66843375000000        7.11249000000000      -0.275179836575429     
   2.96470416666667       2.000000000000000E-003 -0.280689373524809     
   2.96470416666667       0.298270416666667      -0.306506339486044     
   2.96470416666667       0.594540833333333      -0.338636921316116     
   2.96470416666667       0.890811250000000      -0.379907870908277     
   2.96470416666667        1.18708166666667      -0.433924545997565     
   2.96470416666667        1.48335208333333      -0.505142535722465     
   2.96470416666667        1.77962250000000      -0.599892897295684     
   2.96470416666667        2.07589291666667      -0.726743003170668     
   2.96470416666667        2.37216333333333      -0.896632562198736     
   2.96470416666667        2.66843375000000       -1.11710715028257     
   2.96470416666667        2.96470416666667       -1.37167403585335     
   2.96470416666667        3.26097458333333       -1.59460055807261     
   2.96470416666667        3.55724500000000       -1.68730696020272     
   2.96470416666667        3.85351541666667       -1.59437624683858     
   2.96470416666667        4.14978583333333       -1.37140642072099     
   2.96470416666667        4.44605625000000       -1.11689492700272     
   2.96470416666667        4.74232666666667      -0.896482739657576     
   2.96470416666667        5.03859708333333      -0.726637935472655     
   2.96470416666667        5.33486750000000      -0.599815748160088     
   2.96470416666667        5.63113791666667      -0.505081908520536     
   2.96470416666667        5.92740833333333      -0.433873079179468     
   2.96470416666667        6.22367875000000      -0.379861505242837     
   2.96470416666667        6.51994916666667      -0.338594781034960     
   2.96470416666667        6.81621958333333      -0.306468956854821     
   2.96470416666667        7.11249000000000      -0.280657461584185     
   3.26097458333333       2.000000000000000E-003 -0.284270433736156     
   3.26097458333333       0.298270416666667      -0.311197817136801     
   3.26097458333333       0.594540833333333      -0.344995173743338     
   3.26097458333333       0.890811250000000      -0.388819235860621     
   3.26097458333333        1.18708166666667      -0.446802544620259     
   3.26097458333333        1.48335208333333      -0.524425317294796     
   3.26097458333333        1.77962250000000      -0.630105068315787     
   3.26097458333333        2.07589291666667      -0.776444616608634     
   3.26097458333333        2.37216333333333      -0.981826400981122     
   3.26097458333333        2.66843375000000       -1.26303394574230     
   3.26097458333333        2.96470416666667       -1.59460048453516     
   3.26097458333333        3.26097458333333       -1.85210076223905     
   3.26097458333333        3.55724500000000       -1.94773458438102     
   3.26097458333333        3.85351541666667       -1.85187757533075     
   3.26097458333333        4.14978583333333       -1.59437983715399     
   3.26097458333333        4.44605625000000       -1.26288637518341     
   3.26097458333333        4.74232666666667      -0.981733686555010     
   3.26097458333333        5.03859708333333      -0.776384262679060     
   3.26097458333333        5.33486750000000      -0.630062946331556     
   3.26097458333333        5.63113791666667      -0.524393359662023     
   3.26097458333333        5.92740833333333      -0.446775965373669     
   3.26097458333333        6.22367875000000      -0.388795434374179     
   3.26097458333333        6.51994916666667      -0.344973557142736     
   3.26097458333333        6.81621958333333      -0.311178539524361     
   3.26097458333333        7.11249000000000      -0.284253953579990     
   3.55724500000000       2.000000000000000E-003 -0.285516791989905     
   3.55724500000000       0.298270416666667      -0.312833386424050     
   3.55724500000000       0.594540833333333      -0.347216785833598     
   3.55724500000000       0.890811250000000      -0.391942613079841     
   3.55724500000000        1.18708166666667      -0.451341005252550     
   3.55724500000000        1.48335208333333      -0.531286917687621     
   3.55724500000000        1.77962250000000      -0.641098001068602     
   3.55724500000000        2.07589291666667      -0.795082308595167     
   3.55724500000000        2.37216333333333       -1.01513445952518     
   3.55724500000000        2.66843375000000       -1.32311163432051     
   3.55724500000000        2.96470416666667       -1.68730714441777     
   3.55724500000000        3.26097458333333       -1.94773459089827     
   3.55724500000000        3.55724500000000       -2.09085341545474     
   3.55724500000000        3.85351541666667       -1.94773810421934     
   3.55724500000000        4.14978583333333       -1.68731469146266     
   3.55724500000000        4.44605625000000       -1.32311990430900     
   3.55724500000000        4.74232666666667       -1.01514086012947     
   3.55724500000000        5.03859708333333      -0.795086765627646     
   3.55724500000000        5.33486750000000      -0.641100944629382     
   3.55724500000000        5.63113791666667      -0.531288965605688     
   3.55724500000000        5.92740833333333      -0.451342285909781     
   3.55724500000000        6.22367875000000      -0.391943386263118     
   3.55724500000000        6.51994916666667      -0.347217352440878     
   3.55724500000000        6.81621958333333      -0.312833760819026     
   3.55724500000000        7.11249000000000      -0.285517144142017     
   3.85351541666667       2.000000000000000E-003 -0.284253540521242     
   3.85351541666667       0.298270416666667      -0.311178133401616     
   3.85351541666667       0.594540833333333      -0.344972998586198     
   3.85351541666667       0.890811250000000      -0.388794688586110     
   3.85351541666667        1.18708166666667      -0.446774818783864     
   3.85351541666667        1.48335208333333      -0.524391661099446     
   3.85351541666667        1.77962250000000      -0.630060497138526     
   3.85351541666667        2.07589291666667      -0.776380883502629     
   3.85351541666667        2.37216333333333      -0.981729274981099     
   3.85351541666667        2.66843375000000       -1.26288139821071     
   3.85351541666667        2.96470416666667       -1.59437667929222     
   3.85351541666667        3.26097458333333       -1.85187740980503     
   3.85351541666667        3.55724500000000       -1.94773751380329     
   3.85351541666667        3.85351541666667       -1.85210714704075     
   3.85351541666667        4.14978583333333       -1.59461220443412     
   3.85351541666667        4.44605625000000       -1.26304477896242     
   3.85351541666667        4.74232666666667      -0.981833891312305     
   3.85351541666667        5.03859708333333      -0.776449487554184     
   3.85351541666667        5.33486750000000      -0.630108243895632     
   3.85351541666667        5.63113791666667      -0.524427384623739     
   3.85351541666667        5.92740833333333      -0.446803849172350     
   3.85351541666667        6.22367875000000      -0.388820017471509     
   3.85351541666667        6.51994916666667      -0.344995630763262     
   3.85351541666667        6.81621958333333      -0.311198087102711     
   3.85351541666667        7.11249000000000      -0.284270700292105     
   4.14978583333333       2.000000000000000E-003 -0.280657025388132     
   4.14978583333333       0.298270416666667      -0.306468483006551     
   4.14978583333333       0.594540833333333      -0.338594253591701     
   4.14978583333333       0.890811250000000      -0.379860798654855     
   4.14978583333333        1.18708166666667      -0.433872102699581     
   4.14978583333333        1.48335208333333      -0.505080571191884     
   4.14978583333333        1.77962250000000      -0.599813920458949     
   4.14978583333333        2.07589291666667      -0.726635650720558     
   4.14978583333333        2.37216333333333      -0.896480388442195     
   4.14978583333333        2.66843375000000       -1.11689309899697     
   4.14978583333333        2.96470416666667       -1.37140650517743     
   4.14978583333333        3.26097458333333       -1.59437930099561     
   4.14978583333333        3.55724500000000       -1.68731381448611     
   4.14978583333333        3.85351541666667       -1.59461177250408     
   4.14978583333333        4.14978583333333       -1.37168619677632     
   4.14978583333333        4.44605625000000       -1.11711738838257     
   4.14978583333333        4.74232666666667      -0.896639610733152     
   4.14978583333333        5.03859708333333      -0.726747776909894     
   4.14978583333333        5.33486750000000      -0.599896018864982     
   4.14978583333333        5.63113791666667      -0.505144494538334     
   4.14978583333333        5.92740833333333      -0.433925784382254     
   4.14978583333333        6.22367875000000      -0.379908607935282     
   4.14978583333333        6.51994916666667      -0.338637295589556     
   4.14978583333333        6.81621958333333      -0.306506556762489     
   4.14978583333333        7.11249000000000      -0.280689517018325     
   4.44605625000000       2.000000000000000E-003 -0.275179352589221     
   4.44605625000000       0.298270416666667      -0.299311320826882     
   4.44605625000000       0.594540833333333      -0.328933784650858     
   4.44605625000000       0.890811250000000      -0.366405965491919     
   4.44605625000000        1.18708166666667      -0.414628212861111     
   4.44605625000000        1.48335208333333      -0.476889585519661     
   4.44605625000000        1.77962250000000      -0.557054874317477     
   4.44605625000000        2.07589291666667      -0.659735926770100     
   4.44605625000000        2.37216333333333      -0.789247693605306     
   4.44605625000000        2.66843375000000      -0.945973717111329     
   4.44605625000000        2.96470416666667       -1.11689476774965     
   4.44605625000000        3.26097458333333       -1.26288590752809     
   4.44605625000000        3.55724500000000       -1.32311935673277     
   4.44605625000000        3.85351541666667       -1.26304448963863     
   4.44605625000000        4.14978583333333       -1.11711734853990     
   4.44605625000000        4.44605625000000      -0.946181397572539     
   4.44605625000000        4.74232666666667      -0.789415109305843     
   4.44605625000000        5.03859708333333      -0.659865678658387     
   4.44605625000000        5.33486750000000      -0.557156945299198     
   4.44605625000000        5.63113791666667      -0.476973536647340     
   4.44605625000000        5.92740833333333      -0.414701931354696     
   4.44605625000000        6.22367875000000      -0.366473082084764     
   4.44605625000000        6.51994916666667      -0.328994704631810     
   4.44605625000000        6.81621958333333      -0.299365048326843     
   4.44605625000000        7.11249000000000      -0.275224829223771     
   4.74232666666667       2.000000000000000E-003 -0.268352579514574     
   4.74232666666667       0.298270416666667      -0.290428586009478     
   4.74232666666667       0.594540833333333      -0.317036501465495     
   4.74232666666667       0.890811250000000      -0.350021269258189     
   4.74232666666667        1.18708166666667      -0.391550899876734     
   4.74232666666667        1.48335208333333      -0.443845216592092     
   4.74232666666667        1.77962250000000      -0.508916047157591     
   4.74232666666667        2.07589291666667      -0.588480850318449     
   4.74232666666667        2.37216333333333      -0.682955858267878     
   4.74232666666667        2.66843375000000      -0.789248566582486     
   4.74232666666667        2.96470416666667      -0.896482619913329     
   4.74232666666667        3.26097458333333      -0.981733515770920     
   4.74232666666667        3.55724500000000       -1.01514073890409     
   4.74232666666667        3.85351541666667      -0.981833900875400     
   4.74232666666667        4.14978583333333      -0.896639701176440     
   4.74232666666667        4.44605625000000      -0.789415175400543     
   4.74232666666667        4.74232666666667      -0.683106757053787     
   4.74232666666667        5.03859708333333      -0.588609930011188     
   4.74232666666667        5.33486750000000      -0.509026158643313     
   4.74232666666667        5.63113791666667      -0.443942449436102     
   4.74232666666667        5.92740833333333      -0.391640615636563     
   4.74232666666667        6.22367875000000      -0.350104929740583     
   4.74232666666667        6.51994916666667      -0.317113030441429     
   4.74232666666667        6.81621958333333      -0.290495577506984     
   4.74232666666667        7.11249000000000      -0.268408037160340     
   5.03859708333333       2.000000000000000E-003 -0.260612683804904     
   5.03859708333333       0.298270416666667      -0.280406344687124     
   5.03859708333333       0.594540833333333      -0.303751096394752     
   5.03859708333333       0.890811250000000      -0.332104699290817     
   5.03859708333333        1.18708166666667      -0.366917182352770     
   5.03859708333333        1.48335208333333      -0.409527777174267     
   5.03859708333333        1.77962250000000      -0.460834650500388     
   5.03859708333333        2.07589291666667      -0.520911420384727     
   5.03859708333333        2.37216333333333      -0.588481325242192     
   5.03859708333333        2.66843375000000      -0.659737132912044     
   5.03859708333333        2.96470416666667      -0.726637911897248     
   5.03859708333333        3.26097458333333      -0.776384295276105     
   5.03859708333333        3.55724500000000      -0.795086871551192     
   5.03859708333333        3.85351541666667      -0.776449648214174     
   5.03859708333333        4.14978583333333      -0.726747934586731     
   5.03859708333333        4.44605625000000      -0.659865784926417     
   5.03859708333333        4.74232666666667      -0.588609978126189     
   5.03859708333333        5.03859708333333      -0.521032069743713     
   5.03859708333333        5.33486750000000      -0.460946626416964     
   5.03859708333333        5.63113791666667      -0.409634576775165     
   5.03859708333333        5.92740833333333      -0.367020547799774     
   5.03859708333333        6.22367875000000      -0.332203604855179     
   5.03859708333333        6.51994916666667      -0.303841850489481     
   5.03859708333333        6.81621958333333      -0.280484322296154     
   5.03859708333333        7.11249000000000      -0.260674353407516     
   5.33486750000000       2.000000000000000E-003 -0.252541680055875     
   5.33486750000000       0.298270416666667      -0.269994520148877     
   5.33486750000000       0.594540833333333      -0.290063926395504     
   5.33486750000000       0.890811250000000      -0.313787126775371     
   5.33486750000000        1.18708166666667      -0.342298770631474     
   5.33486750000000        1.48335208333333      -0.376419674196543     
   5.33486750000000        1.77962250000000      -0.416103011890788     
   5.33486750000000        2.07589291666667      -0.460834911772735     
   5.33486750000000        2.37216333333333      -0.508916694884911     
   5.33486750000000        2.66843375000000      -0.557056064787331     
   5.33486750000000        2.96470416666667      -0.599815753034953     
   5.33486750000000        3.26097458333333      -0.630063006866373     
   5.33486750000000        3.55724500000000      -0.641101057347496     
   5.33486750000000        3.85351541666667      -0.630108382676209     
   5.33486750000000        4.14978583333333      -0.599896152320565     
   5.33486750000000        4.44605625000000      -0.557157060568797     
   5.33486750000000        4.74232666666667      -0.509026258735447     
   5.33486750000000        5.03859708333333      -0.460946698616437     
   5.33486750000000        5.33486750000000      -0.416216281381177     
   5.33486750000000        5.63113791666667      -0.376534957885288     
   5.33486750000000        5.92740833333333      -0.342415520085808     
   5.33486750000000        6.22367875000000      -0.313902976652925     
   5.33486750000000        6.51994916666667      -0.290171581606119     
   5.33486750000000        6.81621958333333      -0.270084249651450     
   5.33486750000000        7.11249000000000      -0.252607385437010     
   5.63113791666667       2.000000000000000E-003 -0.244599446269351     
   5.63113791666667       0.298270416666667      -0.259918704981717     
   5.63113791666667       0.594540833333333      -0.276949209458159     
   5.63113791666667       0.890811250000000      -0.296421961805650     
   5.63113791666667        1.18708166666667      -0.319231533382357     
   5.63113791666667        1.48335208333333      -0.345950298443683     
   5.63113791666667        1.77962250000000      -0.376419834916591     
   5.63113791666667        2.07589291666667      -0.409528178476894     
   5.63113791666667        2.37216333333333      -0.443845879479777     
   5.63113791666667        2.66843375000000      -0.476890616303669     
   5.63113791666667        2.96470416666667      -0.505081935355156     
   5.63113791666667        3.26097458333333      -0.524393395218637     
   5.63113791666667        3.55724500000000      -0.531289025677033     
   5.63113791666667        3.85351541666667      -0.524427480031841     
   5.63113791666667        4.14978583333333      -0.505144631510888     
   5.63113791666667        4.44605625000000      -0.476973723168963     
   5.63113791666667        4.74232666666667      -0.443942657062552     
   5.63113791666667        5.03859708333333      -0.409634753732740     
   5.63113791666667        5.33486750000000      -0.376535055958951     
   5.63113791666667        5.63113791666667      -0.346074321335243     
   5.63113791666667        5.92740833333333      -0.319365883440413     
   5.63113791666667        6.22367875000000      -0.296562623308265     
   5.63113791666667        6.51994916666667      -0.277082632445310     
   5.63113791666667        6.81621958333333      -0.260025660576121     
   5.63113791666667        7.11249000000000      -0.244668306512458     
   5.92740833333333       2.000000000000000E-003 -0.237058747941365     
   5.92740833333333       0.298270416666667      -0.250646643902489     
   5.92740833333333       0.594540833333333      -0.265049690885800     
   5.92740833333333       0.890811250000000      -0.280773639274035     
   5.92740833333333        1.18708166666667      -0.298674097584849     
   5.92740833333333        1.48335208333333      -0.319231673394626     
   5.92740833333333        1.77962250000000      -0.342299064233105     
   5.92740833333333        2.07589291666667      -0.366917687046128     
   5.92740833333333        2.37216333333333      -0.391551648609025     
   5.92740833333333        2.66843375000000      -0.414629148543779     
   5.92740833333333        2.96470416666667      -0.433873205663541     
   5.92740833333333        3.26097458333333      -0.446776068819806     
   5.92740833333333        3.55724500000000      -0.451342401255906     
   5.92740833333333        3.85351541666667      -0.446804016083856     
   5.92740833333333        4.14978583333333      -0.433926026670345     
   5.92740833333333        4.44605625000000      -0.414702239622364     
   5.92740833333333        4.74232666666667      -0.391640944647604     
   5.92740833333333        5.03859708333333      -0.367020834063446     
   5.92740833333333        5.33486750000000      -0.342415709063652     
   5.92740833333333        5.63113791666667      -0.319365948900045     
   5.92740833333333        5.92740833333333      -0.298830825435172     
   5.92740833333333        6.22367875000000      -0.280949565805084     
   5.92740833333333        6.51994916666667      -0.265223869631938     
   5.92740833333333        6.81621958333333      -0.250782272192586     
   5.92740833333333        7.11249000000000      -0.237131142784660     
   6.22367875000000       2.000000000000000E-003 -0.229984080273384     
   6.22367875000000       0.298270416666667      -0.242503066420532     
   6.22367875000000       0.594540833333333      -0.254731407359960     
   6.22367875000000       0.890811250000000      -0.267053985231829     
   6.22367875000000        1.18708166666667      -0.280773652372611     
   6.22367875000000        1.48335208333333      -0.296422130217065     
   6.22367875000000        1.77962250000000      -0.313787486343407     
   6.22367875000000        2.07589291666667      -0.332105272532231     
   6.22367875000000        2.37216333333333      -0.350021993761263     
   6.22367875000000        2.66843375000000      -0.366406858381450     
   6.22367875000000        2.96470416666667      -0.379861737634715     
   6.22367875000000        3.26097458333333      -0.388795638129450     
   6.22367875000000        3.55724500000000      -0.391943598994677     
   6.22367875000000        3.85351541666667      -0.388820286031063     
   6.22367875000000        4.14978583333333      -0.379908958175198     
   6.22367875000000        4.44605625000000      -0.366473498695556     
   6.22367875000000        4.74232666666667      -0.350105358372352     
   6.22367875000000        5.03859708333333      -0.332203974808511     
   6.22367875000000        5.33486750000000      -0.313903208547492     
   6.22367875000000        5.63113791666667      -0.296562684876118     
   6.22367875000000        5.92740833333333      -0.280949538246607     
   6.22367875000000        6.22367875000000      -0.267269671256257     
   6.22367875000000        6.51994916666667      -0.254964893612092     
   6.22367875000000        6.81621958333333      -0.242688346603781     
   6.22367875000000        7.11249000000000      -0.230062318867403     
   6.51994916666667       2.000000000000000E-003 -0.223327575942310     
   6.51994916666667       0.298270416666667      -0.235471354185949     
   6.51994916666667       0.594540833333333      -0.245575854147455     
   6.51994916666667       0.890811250000000      -0.254731307276237     
   6.51994916666667        1.18708166666667      -0.265049650755965     
   6.51994916666667        1.48335208333333      -0.276949346226592     
   6.51994916666667        1.77962250000000      -0.290064301495000     
   6.51994916666667        2.07589291666667      -0.303751696529716     
   6.51994916666667        2.37216333333333      -0.317037275120864     
   6.51994916666667        2.66843375000000      -0.328934606515376     
   6.51994916666667        2.96470416666667      -0.338595063328512     
   6.51994916666667        3.26097458333333      -0.344973812029469     
   6.51994916666667        3.55724500000000      -0.347217616626788     
   6.51994916666667        3.85351541666667      -0.344995951768589     
   6.51994916666667        4.14978583333333      -0.338637698079570     
   6.51994916666667        4.44605625000000      -0.328995170012377     
   6.51994916666667        4.74232666666667      -0.317113501811595     
   6.51994916666667        5.03859708333333      -0.303842257054912     
   6.51994916666667        5.33486750000000      -0.290171803497621     
   6.51994916666667        5.63113791666667      -0.277082639962582     
   6.51994916666667        5.92740833333333      -0.265223757878302     
   6.51994916666667        6.22367875000000      -0.254964797998872     
   6.51994916666667        6.51994916666667      -0.245868880079839     
   6.51994916666667        6.81621958333333      -0.235740617925180     
   6.51994916666667        7.11249000000000      -0.223431451724469     
   6.81621958333333       2.000000000000000E-003 -0.216520113591405     
   6.81621958333333       0.298270416666667      -0.227689831002915     
   6.81621958333333       0.594540833333333      -0.235471235825530     
   6.81621958333333       0.890811250000000      -0.242502925561334     
   6.81621958333333        1.18708166666667      -0.250646605830575     
   6.81621958333333        1.48335208333333      -0.259918870868616     
   6.81621958333333        1.77962250000000      -0.269994923843321     
   6.81621958333333        2.07589291666667      -0.280406943431619     
   6.81621958333333        2.37216333333333      -0.290429303770268     
   6.81621958333333        2.66843375000000      -0.299312018306947     
   6.81621958333333        2.96470416666667      -0.306469185658063     
   6.81621958333333        3.26097458333333      -0.311178742487708     
   6.81621958333333        3.55724500000000      -0.312833975714518     
   6.81621958333333        3.85351541666667      -0.311198362262369     
   6.81621958333333        4.14978583333333      -0.306506916590253     
   6.81621958333333        4.44605625000000      -0.299365474541707     
   6.81621958333333        4.74232666666667      -0.290496017080185     
   6.81621958333333        5.03859708333333      -0.280484703935754     
   6.81621958333333        5.33486750000000      -0.270084431682994     
   6.81621958333333        5.63113791666667      -0.260025609519789     
   6.81621958333333        5.92740833333333      -0.250782087388220     
   6.81621958333333        6.22367875000000      -0.242688166936271     
   6.81621958333333        6.51994916666667      -0.235740527493548     
   6.81621958333333        6.81621958333333      -0.228032097663627     
   6.81621958333333        7.11249000000000      -0.216701327425719     
   7.11249000000000       2.000000000000000E-003 -0.207800511936989     
   7.11249000000000       0.298270416666667      -0.216520040126942     
   7.11249000000000       0.594540833333333      -0.223327461107546     
   7.11249000000000       0.890811250000000      -0.229983991669359     
   7.11249000000000        1.18708166666667      -0.237058774346382     
   7.11249000000000        1.48335208333333      -0.244599629763406     
   7.11249000000000        1.77962250000000      -0.252542066322118     
   7.11249000000000        2.07589291666667      -0.260613199953208     
   7.11249000000000        2.37216333333333      -0.268353166832999     
   7.11249000000000        2.66843375000000      -0.275179944456882     
   7.11249000000000        2.96470416666667      -0.280657538171177     
   7.11249000000000        3.26097458333333      -0.284254004458900     
   7.11249000000000        3.55724500000000      -0.285517211729711     
   7.11249000000000        3.85351541666667      -0.284270835600037     
   7.11249000000000        4.14978583333333      -0.280689746317366     
   7.11249000000000        4.44605625000000      -0.275225137824370     
   7.11249000000000        4.74232666666667      -0.268408379964456     
   7.11249000000000        5.03859708333333      -0.260674668485494     
   7.11249000000000        5.33486750000000      -0.252607523463840     
   7.11249000000000        5.63113791666667      -0.244668227642658     
   7.11249000000000        5.92740833333333      -0.237130937978264     
   7.11249000000000        6.22367875000000      -0.230062120226836     
   7.11249000000000        6.51994916666667      -0.223431338962725     
   7.11249000000000        6.81621958333333      -0.216701307092145     
   7.11249000000000        7.11249000000000      -0.208010597097181     
